0.1744
-0.1659
0.2753
-0.9104
-0.23
0.4792
0.4843
-0.5478
0.8684
0.9085
-0.3466
0.3122
0.7645
-0.4478
0.3706
-0.613
0.8686
-0.9667
-0.9337
-0.2648
0.7867
0.0804
-0.8602
0.7856
-0.774
0.6196
0.0916
-0.2272
0.8337
-0.7116
0.0535
0.3992
0.295
0.9413
0.9745
0.3866
-0.6534
-0.618
0.7108
-0.0523
0.1731
0.6574
0.6298
-0.1363
-0.1493
-0.549
-0.888
0.1688
0.0151
0.0155
0.799
0.3062
-0.2728
0.6443
0.6021
-0.7154
-0.2768
0.1783
-0.8932
0.9906
-0.035
0.5007
-0.1787
-0.1305
0.1744
-0.7605
0.2753
-0.9104
-0.23
0.4792
0.4843
-0.5478
0.819
0.9085
-0.3466
0.3122
-0.8617
-0.4478
-0.7734
-0.613
0.9828
-0.9667
-0.9337
-0.2648
-0.9151
0.0804
-0.8602
-0.846
-0.0214
0.6196
0.0916
-0.2272
0.8337
-0.7116
0.0535
0.3992
0.295
-0.2182
0.9745
0.2768
-0.6534
-0.618
0.7108
-0.0523
0.1731
0.6574
0.6298
-0.1363
-0.1493
-0.549
-0.888
0.1688
0.0151
0.5835
0.736
0.3062
-0.2728
-0.7407
0.6021
-0.5199
-0.2768
0.9504
0.546
0.9906
-0.035
0.5007
-0.1787
-0.1305
0.1744
-0.1659
0.2753
0.231
-0.23
0.4792
0.4843
-0.6948
0.8684
-0.7164
-0.3466
0.3122
0.7645
0.4068
0.3706
-0.613
-0.3049
-0.9667
-0.9337
-0.2648
-0.9151
-0.572
-0.8602
0.7856
-0.3301
0.6196
0.0916
-0.2272
0.8337
-0.7116
0.0535
0.3992
0.295
-0.2182
-0.8515
0.3866
-0.6534
-0.618
0.7108
-0.0523
0.1731
-0.8066
0.6298
-0.1363
-0.1493
-0.549
-0.888
0.1688
0.0151
0.5835
0.799
0.3062
-0.2728
-0.7407
0.6021
-0.7154
-0.2768
0.1783
-0.8932
0.9906
-0.035
-0.0636
-0.8122
-0.1305
0.1744
-0.7605
0.2753
-0.9104
-0.23
0.4792
0.4843
-0.6948
0.8684
0.9085
-0.3466
0.3122
0.7645
0.4068
0.3706
-0.4782
-0.0307
0.7727
-0.6894
0.4377
-0.9151
-0.572
-0.8602
0.7856
-0.3301
0.6196
0.0916
-0.2272
0.8337
-0.7824
0.0535
0.3992
0.295
0.9413
0.9745
0.3866
-0.6534
-0.618
0.7108
-0.0523
0.1731
-0.1247
0.6298
-0.6572
-0.1493
-0.549
-0.888
0.8083
0.0151
0.5835
0.0515
0.3062
-0.2728
-0.7407
0.6021
-0.7154
-0.2768
0.1783
-0.8932
0.9906
-0.035
0.5007
-0.8122
-0.1305
0.1744
-0.1659
0.2753
0.231
-0.23
-0.6828
0.4843
-0.6948
0.8684
-0.7164
-0.3466
0.3122
0.7645
0.4068
-0.7734
-0.4782
-0.3049
0.7727
-0.9337
-0.2648
-0.9151
-0.3081
-0.8602
0.7856
-0.0214
-0.0449
0.0916
-0.2272
0.8337
-0.7824
0.0535
0.3992
0.295
-0.2182
-0.8515
0.2768
-0.6534
-0.618
0.7108
-0.0523
0.1731
-0.1247
0.6298
-0.1363
-0.1493
-0.549
-0.077
0.1688
0.0151
0.5835
0.736
0.3062
-0.2728
-0.7407
0.6021
-0.7154
-0.2768
0.1783
-0.8932
0.9906
-0.035
0.5007
-0.1787
-0.1305
0.1744
-0.1659
0.2753
0.231
-0.23
-0.6828
0.4843
-0.5478
0.8684
0.9085
-0.3466
0.3122
0.7645
0.4068
0.3706
-0.4782
-0.3049
-0.9667
-0.9337
-0.2648
-0.9151
-0.3081
-0.8602
0.7856
-0.3301
0.6196
0.0916
0.1345
0.8337
-0.7116
0.0535
0.3992
0.295
-0.2182
0.9745
0.3866
-0.6534
-0.618
0.7108
-0.0523
0.1731
-0.1247
0.6298
-0.1363
-0.1493
-0.549
-0.888
0.8083
-0.8589
0.5835
0.799
0.3062
-0.2728
-0.7407
0.6021
-0.7154
-0.2768
0.1584
-0.8932
0.9906
-0.035
-0.0636
-0.1787
-0.1305
0.1744
-0.1659
0.2753
0.0792
-0.23
0.4792
0.4843
-0.6948
0.8684
-0.7164
-0.3466
0.3122
0.7645
0.4068
0.3706
-0.613
-0.3049
-0.9667
-0.2905
0.4377
-0.9151
-0.572
-0.8602
0.7856
-0.0717
0.6196
0.0916
-0.5769
0.8337
-0.7116
0.0535
0.3992
0.295
-0.2182
0.9745
0.2768
0.6994
-0.618
0.7108
-0.0523
0.1731
-0.8066
0.6298
-0.1363
-0.1493
-0.549
-0.4852
0.8083
-0.8589
0.5835
0.799
0.3062
-0.2728
-0.7407
0.6021
-0.7154
-0.2768
0.1783
-0.8932
-0.7601
-0.035
-0.0636
-0.8122
-0.1305
0.1744
-0.1659
0.2753
-0.9104
-0.23
0.4792
0.4843
-0.5478
0.8684
-0.7164
-0.3466
0.3122
-0.8617
-0.4478
0.3706
-0.613
0.8686
-0.9667
-0.9337
-0.2648
-0.9151
-0.3081
-0.8602
0.7856
-0.774
0.6196
0.0916
-0.2272
0.8337
-0.7116
0.0535
0.3992
0.295
0.9413
0.9745
0.3866
-0.6534
-0.618
0.7108
-0.0523
0.1731
-0.8066
0.6298
-0.6572
-0.1493
-0.549
-0.077
0.1688
-0.8589
0.5835
0.799
0.3062
-0.2728
0.6443
0.6021
0.7277
-0.2768
0.1783
0.546
0.9906
-0.035
-0.0636
-0.1787
-0.1305
0.1744
-0.1659
0.2753
0.231
-0.23
0.4792
0.4843
-0.6948
0.819
0.9085
-0.3466
0.3122
-0.8617
-0.4478
0.3706
0.5108
-0.3049
0.7727
-0.6894
-0.2648
-0.9151
-0.572
-0.8602
0.7856
-0.0214
0.6196
0.0916
-0.2272
0.8337
-0.7116
0.0535
0.3992
0.295
-0.2182
0.0731
0.2768
-0.6534
-0.618
0.7108
-0.0523
0.1731
-0.1247
0.6298
-0.6572
-0.1493
-0.549
-0.077
0.1688
0.0151
-0.5847
0.799
0.3062
-0.2728
-0.7407
0.6021
-0.7154
-0.2768
0.1783
-0.8932
0.9906
-0.035
0.5007
-0.8122
-0.1305
0.1744
-0.1659
0.2753
0.231
-0.23
-0.6828
0.4843
-0.6948
0.8684
-0.7164
-0.3466
0.3122
0.7645
0.4068
0.5376
-0.613
-0.3049
-0.9667
-0.9337
-0.2648
0.7867
-0.3081
-0.8602
0.7856
-0.774
0.6196
0.0916
-0.2272
0.8337
-0.7824
0.0535
0.3992
0.295
-0.2182
-0.8515
0.3866
-0.6534
-0.618
0.7108
-0.0523
0.1731
-0.1247
0.6298
-0.6572
-0.1493
-0.549
-0.888
0.1688
0.0151
0.5835
0.736
0.3062
-0.2728
-0.7407
0.6021
-0.7154
-0.2768
0.1783
-0.8932
-0.7601
-0.035
-0.0636
-0.8122
-0.1305
0.1744
-0.1659
0.2753
0.0792
-0.23
0.4792
0.4843
-0.6948
0.8684
-0.7164
-0.3466
0.3122
0.7645
0.4068
0.5376
-0.7155
-0.0307
-0.9667
-0.9337
-0.2648
-0.9151
-0.572
-0.8602
0.7856
-0.0214
0.6196
0.0916
-0.2272
0.8337
-0.7824
0.0535
0.3992
0.295
-0.2182
0.9745
0.3866
-0.6534
-0.618
0.7108
-0.0523
0.1731
-0.1247
0.6298
-0.6572
-0.1493
-0.549
-0.888
0.1688
0.0151
0.5835
0.736
0.3062
-0.2728
-0.7407
0.6021
-0.7154
-0.2768
0.9504
-0.8932
0.9906
-0.035
-0.0636
-0.1787
-0.1305
0.1744
-0.1659
0.2753
0.0792
-0.23
0.4792
0.4843
-0.6948
0.819
-0.7164
-0.3466
0.3122
0.7645
-0.4478
0.3706
-0.4782
0.8686
0.7727
-0.9337
-0.2648
-0.9151
0.0804
-0.8602
0.7856
-0.0214
-0.0449
0.0916
-0.2272
0.8337
-0.7116
0.0535
0.3992
0.295
-0.2182
-0.8515
0.3866
-0.6534
-0.618
0.7108
-0.0523
0.1731
0.6574
0.6298
-0.1363
-0.1493
-0.549
-0.888
0.1688
0.0151
0.5835
0.799
0.3062
-0.2728
-0.7407
0.6021
-0.7154
-0.2768
0.1783
-0.8932
0.9906
-0.035
-0.0636
-0.1787
-0.1305
0.1744
-0.7605
0.2753
-0.9104
-0.23
-0.6828
0.4843
-0.6948
0.8684
-0.7164
-0.3466
0.3122
-0.8617
-0.4478
0.3706
-0.613
-0.0307
-0.9667
-0.9337
-0.2648
-0.9151
-0.572
-0.8602
0.7856
-0.0214
0.6196
0.0916
-0.2272
0.8337
-0.7116
0.0535
0.3992
0.295
-0.2182
0.9745
0.3866
0.6994
-0.618
0.7108
-0.0523
0.1731
0.6574
0.6298
-0.1363
0.6701
-0.549
-0.888
0.1688
0.0151
-0.5847
0.799
0.3062
-0.2728
-0.7407
0.6021
-0.7154
-0.2768
0.9504
-0.8932
0.9906
-0.035
-0.0636
0.6518
-0.1305
0.1744
-0.1659
0.2753
-0.9104
-0.23
-0.6828
0.4843
-0.6948
0.819
0.9085
-0.3466
0.3122
-0.8617
0.4068
0.5376
-0.4782
0.8686
-0.9667
-0.9337
-0.2648
0.7867
-0.572
-0.8602
0.7856
-0.0717
-0.0449
0.0916
0.1345
0.8337
-0.7116
0.0535
0.3992
0.295
-0.2182
0.9745
0.2768
-0.6534
-0.618
0.7108
-0.0523
0.1731
-0.8066
0.6298
-0.1363
-0.1493
-0.549
-0.077
0.1688
0.0151
0.5835
0.799
0.3062
-0.2728
0.6443
0.6021
-0.7154
-0.2768
0.1783
0.546
0.9906
-0.035
0.5007
-0.1787
-0.1305
0.1744
-0.1659
0.2753
-0.9104
-0.23
0.4792
0.4843
-0.6948
0.8684
0.9085
-0.3466
0.3122
0.6699
0.4068
0.3706
-0.613
0.9828
-0.9667
-0.6894
-0.2648
-0.9151
-0.572
-0.8602
0.7856
-0.0214
0.6196
0.0916
-0.2272
0.8337
-0.7824
0.0535
0.3992
0.295
0.9413
0.9745
0.3866
0.6994
-0.618
0.7108
-0.0523
0.1731
-0.1247
0.6298
0.5453
-0.1493
-0.549
-0.888
0.8083
-0.8589
0.5835
0.736
0.3062
-0.2728
-0.7407
0.6021
0.7277
-0.2768
0.1584
0.546
0.9906
-0.035
0.5007
-0.1787
-0.1305
0.1744
-0.1659
0.2753
0.0792
-0.23
0.4792
0.4843
-0.6948
0.819
-0.7164
-0.3466
0.3122
0.7645
0.4068
0.3706
0.5108
-0.0307
0.7727
-0.6894
-0.2648
-0.9151
0.0804
-0.8602
0.7856
-0.3301
0.6196
0.0916
-0.2272
0.8337
-0.7824
0.0535
0.3992
0.295
-0.2182
-0.8515
0.3866
-0.6534
-0.618
0.7108
-0.0523
0.1731
-0.1247
0.6298
-0.6572
-0.1493
-0.549
-0.888
0.8083
0.0151
0.0155
0.799
0.3062
-0.2728
-0.7407
0.6021
-0.7154
-0.2768
0.1783
0.546
0.9906
-0.035
-0.0636
-0.1787
-0.1305
0.1744
-0.1659
0.2753
0.231
-0.23
-0.6828
0.4843
-0.6948
0.819
0.9085
-0.3466
0.3122
0.7645
-0.4478
0.3706
0.5108
-0.3049
-0.9667
-0.9337
-0.2648
-0.9151
-0.3081
-0.8602
0.7856
-0.3301
-0.0449
0.0916
-0.2272
0.8337
-0.7824
0.0535
0.3992
0.295
-0.2182
0.0731
0.2768
-0.6534
-0.618
0.7108
-0.0523
0.1731
-0.1247
0.6298
-0.6572
-0.1493
-0.549
-0.077
0.8083
0.0151
0.5835
0.799
0.3062
-0.2728
-0.7407
0.6021
-0.7154
-0.2768
0.1783
0.546
0.9906
-0.035
0.5007
-0.1787
-0.1305
0.1744
-0.1659
0.2753
-0.9104
-0.23
0.4792
0.4843
-0.5478
0.819
0.9085
-0.3466
0.3122
0.7645
-0.4478
0.3706
0.5108
0.8686
-0.9667
-0.9337
-0.2648
-0.9151
-0.3081
-0.8602
0.7856
-0.0717
0.6196
0.0916
-0.2272
0.8337
-0.7824
0.0535
0.3992
0.295
0.9413
0.9745
0.3866
-0.6534
-0.618
0.7108
-0.0523
0.1731
-0.1247
0.6298
-0.1363
-0.1493
-0.549
-0.888
0.8083
-0.8589
0.5835
0.0515
0.3062
-0.2728
-0.7407
0.6021
0.7277
-0.2768
0.9504
-0.8932
0.9906
-0.035
0.5007
-0.1787
-0.1305
0.1744
-0.1659
0.2753
0.231
-0.23
-0.6828
0.4843
-0.5478
0.8684
0.9085
-0.3466
0.3122
0.7645
0.4068
0.3706
-0.4782
-0.3049
-0.9667
-0.9337
-0.2648
-0.9151
0.0804
-0.8602
0.7856
-0.3301
0.6196
0.0916
-0.2272
0.8337
-0.7116
0.0535
0.3992
0.295
-0.2182
0.0731
0.3866
-0.6534
-0.618
0.7108
-0.0523
0.1731
-0.1247
0.6298
-0.6572
-0.1493
-0.549
-0.888
0.1688
0.0151
0.0155
0.799
0.3062
-0.2728
-0.7407
0.6021
-0.7154
-0.2768
0.1783
-0.8932
0.9906
-0.035
0.5007
-0.1787
-0.1305
0.1744
-0.1659
0.2753
0.231
-0.23
0.4792
0.4843
-0.5478
0.819
-0.7164
-0.3466
0.3122
0.7645
-0.4478
0.3706
-0.4782
0.9828
-0.9667
-0.6894
-0.2648
-0.9151
-0.572
-0.8602
0.7856
-0.3301
0.6196
0.0916
-0.2272
0.8337
-0.7824
0.0535
0.3992
0.295
0.9413
-0.8515
0.3866
-0.6534
-0.618
0.7108
-0.0523
0.1731
-0.1247
0.6298
-0.1363
-0.1493
-0.549
-0.888
0.8083
0.0151
0.5835
0.736
0.3062
-0.2728
-0.7407
0.6021
-0.7154
-0.2768
0.1783
-0.8932
0.9906
-0.035
-0.0636
-0.1787
-0.1305
0.1744
-0.7605
0.2753
0.231
-0.23
0.4792
0.4843
-0.6948
0.819
-0.7164
-0.3466
0.3122
0.7645
-0.4478
0.3706
-0.4782
-0.3049
-0.9667
-0.6894
-0.2648
-0.9151
-0.3081
-0.8602
0.7856
-0.3301
0.6196
0.0916
0.1345
0.8337
-0.7116
0.0535
0.3992
0.295
0.9413
0.9745
0.2768
0.6994
-0.618
0.7108
-0.0523
0.1731
0.6574
0.6298
-0.1363
-0.1493
-0.549
-0.077
0.8083
0.0151
0.5835
0.736
0.3062
-0.2728
-0.7407
0.6021
-0.7154
-0.2768
0.1783
-0.8932
0.9906
-0.035
-0.0636
-0.1787
-0.1305
0.1744
-0.1659
0.2753
0.0792
-0.23
0.4792
0.4843
-0.5478
0.819
-0.7164
-0.3466
0.3122
0.7645
0.4068
0.3706
-0.7155
0.8686
-0.9667
-0.2905
-0.2648
-0.9151
-0.3081
-0.8602
0.7856
-0.0717
0.6196
0.0916
-0.5769
0.8337
-0.7116
0.0535
0.3992
0.295
0.9413
0.9745
0.2768
-0.6534
-0.618
0.7108
-0.0523
0.1731
-0.1247
0.6298
-0.6572
-0.1493
-0.549
-0.888
0.1688
-0.8589
0.5835
0.736
0.3062
-0.2728
-0.7407
0.6021
-0.7154
-0.2768
0.1783
-0.8932
0.9906
-0.035
-0.0636
-0.1787
-0.1305
0.1744
-0.1659
0.2753
0.231
-0.23
0.4792
0.4843
-0.6948
0.819
-0.7164
-0.3466
0.3122
0.7645
-0.4478
0.3706
-0.4782
0.9828
-0.9667
-0.6894
0.4377
-0.9151
-0.3081
-0.8602
0.7856
-0.0214
0.6196
0.0916
-0.2272
0.8337
-0.7116
0.0535
0.3992
0.295
-0.2182
0.9745
0.3866
-0.6534
-0.618
0.7108
-0.0523
0.1731
0.6574
0.6298
-0.6572
-0.1493
-0.549
-0.888
0.1688
0.0151
0.5835
0.736
0.3062
-0.2728
-0.7407
0.6021
-0.7154
-0.2768
0.1783
-0.8932
0.9906
-0.035
-0.0636
-0.1787
-0.1305
0.1744
-0.1659
0.2753
-0.9104
-0.23
0.4792
0.4843
-0.5478
0.819
0.9085
-0.3466
0.3122
0.6699
-0.4478
0.3706
0.3703
0.8686
-0.9667
-0.9337
0.4377
0.7867
0.0804
-0.8602
0.7856
-0.0214
0.6196
0.0916
-0.2272
0.8337
-0.7824
0.0535
0.3992
0.295
0.9413
0.9745
0.2768
0.6994
-0.618
0.7108
-0.0523
0.1731
-0.1247
0.6298
-0.6572
0.6701
-0.549
-0.4852
0.1688
0.0151
-0.5847
0.799
0.3062
-0.2728
-0.7407
0.6021
-0.7154
-0.2768
0.1783
-0.8932
0.9906
-0.035
0.5007
-0.1787
-0.1305
0.1744
-0.1659
0.2753
0.231
-0.23
0.4792
0.4843
-0.6948
0.819
0.9085
-0.3466
0.3122
0.7645
0.4068
-0.7734
0.5108
0.9828
0.7727
-0.9337
-0.2648
-0.9151
0.0804
-0.8602
0.7856
-0.0214
0.6196
0.0916
-0.2272
0.8337
-0.7116
0.0535
0.3992
0.295
-0.2182
-0.8515
0.2768
-0.6534
-0.618
0.7108
-0.0523
0.1731
-0.1247
0.6298
-0.6572
-0.1493
-0.549
-0.077
0.8083
-0.8589
0.5835
0.0515
0.3062
-0.2728
-0.7407
0.6021
-0.7154
-0.2768
0.1783
-0.8932
0.9906
-0.035
-0.0636
-0.1787
-0.1305
0.1744
-0.7605
0.2753
-0.9104
-0.23
0.4792
0.4843
-0.6948
0.8684
-0.7164
-0.3466
0.3122
0.7645
-0.4478
0.3706
-0.613
-0.0307
-0.9667
-0.9337
-0.2648
-0.9151
-0.572
-0.8602
0.7856
-0.0717
-0.0449
0.0916
-0.2272
0.8337
-0.7116
0.0535
0.3992
0.295
0.9413
0.9745
0.2768
-0.6534
-0.618
0.7108
-0.0523
0.1731
-0.8066
0.6298
-0.1363
-0.1493
-0.549
-0.888
0.8083
0.0151
0.0155
0.0515
0.3062
-0.2728
-0.7407
0.6021
-0.7154
-0.2768
0.1783
-0.8932
0.9906
-0.035
0.5007
-0.1787
-0.1305
0.1744
-0.1659
0.2753
-0.9104
-0.23
0.4792
0.4843
-0.5478
0.819
0.9085
-0.3466
0.3122
0.7645
-0.4478
0.3706
-0.7155
-0.0307
-0.9667
-0.6894
-0.2648
-0.9151
-0.572
-0.8602
0.7856
-0.0717
0.6196
0.0916
-0.5769
0.8337
-0.7116
0.0535
0.3992
0.295
-0.2182
-0.8515
0.3866
-0.6534
-0.618
0.7108
-0.0523
0.1731
-0.1247
0.6298
-0.6572
-0.1493
-0.549
-0.888
0.1688
-0.8589
-0.0516
0.799
0.3062
-0.2728
-0.7407
0.6021
-0.7154
-0.2768
0.1783
-0.8932
0.9906
-0.035
-0.0636
-0.1787
-0.1305
0.1744
-0.7605
0.2753
0.0792
-0.23
0.4792
0.4843
-0.6948
0.8684
0.9085
-0.3466
0.3122
-0.8617
-0.4478
0.3706
-0.613
0.8686
-0.9667
-0.6894
-0.2648
-0.9151
0.0804
-0.8602
0.7856
-0.0214
-0.0449
0.0916
-0.2272
0.8337
-0.7824
0.0535
0.3992
0.295
0.9413
0.0731
0.2768
-0.6534
-0.618
0.7108
-0.0523
0.1731
-0.1247
0.6298
-0.6572
-0.1493
-0.549
-0.888
0.8083
0.0151
0.5835
0.799
0.3062
-0.2728
-0.7407
0.6021
0.7277
-0.2768
0.9504
-0.8932
0.9906
-0.035
-0.0636
-0.1787
-0.1305
0.1744
-0.1659
0.2753
0.231
-0.23
0.4792
0.4843
-0.5478
0.8684
-0.7164
-0.3466
0.3122
0.7645
-0.4478
0.3706
-0.4782
0.9828
-0.9667
-0.9337
-0.2648
-0.9151
-0.572
-0.8602
0.7856
-0.3301
-0.0449
0.0916
-0.5769
0.8337
-0.7824
0.0535
0.3992
0.295
-0.2182
0.9745
0.2768
-0.6534
-0.618
0.7108
-0.0523
0.1731
-0.1247
0.6298
0.5453
-0.1493
-0.549
-0.077
0.8083
0.0151
0.0155
0.0515
0.3062
-0.2728
-0.7407
0.6021
-0.7154
-0.2768
0.1783
-0.8932
0.9906
-0.035
0.5007
-0.1787
-0.1305
0.1744
-0.1659
0.2753
-0.9104
-0.23
-0.6828
0.4843
-0.6948
0.8684
0.9085
-0.3466
0.3122
0.7645
-0.4478
0.3706
0.5108
0.8686
-0.9667
-0.2905
-0.2648
-0.9151
-0.3081
-0.8602
0.7856
-0.774
-0.0449
0.0916
-0.2272
0.8337
-0.7824
0.0535
0.3992
0.295
-0.2182
0.9745
0.3866
-0.6534
-0.618
0.7108
-0.0523
0.1731
-0.1247
0.6298
-0.6572
-0.1493
-0.549
-0.888
0.1688
0.0151
0.5835
0.0515
0.3062
-0.2728
0.6443
0.6021
-0.7154
-0.2768
0.1783
-0.8932
-0.7601
-0.035
-0.0636
-0.8122
-0.1305
0.0022
0.8910
0.2715
-0.9669
-0.3879
0.8366
0.1128
0.2534
0.0540
0.2123
-0.4690
0.6599
0.0720
-0.0361
0.8778
-0.4152
0.7927
0.4916
-0.2310
0.1384
-0.8594
0.8255
0.7975
0.8880
0.5183
-0.3574
0.4858
0.8381
-0.2988
0.4620
0.6562
0.6825
0.9692
-0.5163
0.9700
0.2329
-0.4893
-0.5040
-0.5228
-0.3692
-0.2582
0.4735
0.4697
-0.5870
0.1774
-0.8316
-0.7234
0.7008
0.0658
0.3545
-0.1371
-0.6568
0.1015
0.5211
0.8137
-0.1509
-0.2825
0.0512
0.8027
-0.9782
0.8743
-0.3480
-0.2151
0.9022

0.0657
-0.5589
0.1593
-0.9669
-0.3879
0.8366
-0.4069
-0.2649
0.8860
0.2123
-0.4690
0.7761
0.6584
-0.2903
0.8592
-0.1798
-0.0903
0.2846
-0.2310
0.1384
-0.8594
0.9859
-0.8594
0.8880
0.5158
0.0040
0.4858
-0.1521
-0.5691
-0.6581
-0.6197
0.9651
0.3863
-0.3256
0.9700
0.8695
-0.6432
-0.5040
-0.5228
-0.3692
-0.5862
0.4735
0.8571
0.6065
-0.7811
0.4422
0.2779
0.4290
-0.3438
0.3545
0.6164
-0.6568
-0.0599
0.5211
-0.4214
-0.2040
-0.1276
-0.9791
-0.5971
0.5347
0.8743
-0.0535
-0.2151
0.9022

0.9104
-0.6924
0.2715
0.2779
-0.8967
0.8366
-0.4069
0.8095
-0.4741
0.2123
-0.4690
0.2088
-0.8961
-0.5874
-0.7928
-0.4152
0.1950
0.2846
-0.2310
-0.9863
0.7573
0.9859
-0.8594
-0.5153
0.6437
0.9866
0.4858
-0.3536
0.2303
0.4620
0.5306
0.4921
0.3863
-0.3256
0.9700
0.0750
-0.3949
0.9874
-0.2878
-0.3692
-0.3494
0.7362
0.4697
0.6577
-0.2578
-0.8316
-0.6576
0.4290
0.4310
0.6894
-0.1371
0.6674
-0.7902
0.5211
-0.0735
-0.2040
-0.1276
0.5260
-0.5971
-0.8680
0.3812
0.0720
-0.2151
-0.7494

0.9104
-0.9601
0.2715
-0.6476
0.6221
0.6930
0.5301
0.6835
-0.4741
0.2123
-0.4690
0.0843
-0.0573
-0.2903
0.5632
-0.3680
0.1950
0.7424
-0.2310
-0.0039
0.5823
0.9859
-0.6570
-0.5153
0.6437
0.2581
0.4858
-0.6772
-0.5691
0.4620
0.5306
0.6825
0.3863
0.9297
0.9700
-0.9651
-0.3949
-0.0106
-0.2878
-0.6796
0.0709
-0.1014
0.4697
0.6577
-0.5124
-0.8316
0.2483
0.9430
-0.5671
0.3545
0.6164
0.6674
-0.8649
-0.2449
-0.0735
-0.1509
0.1226
-0.0115
-0.0180
0.4206
0.3812
0.5223
-0.2151
0.3276

0.2573
-0.9601
0.8238
0.3598
0.3658
0.8366
0.5301
-0.2649
0.8860
0.2123
0.3494
-0.1578
0.6584
-0.2903
0.7997
0.3678
-0.0903
0.0550
-0.2310
0.1384
0.5823
0.8255
-0.8594
-0.5153
0.4355
0.0040
0.4858
-0.3536
0.4573
0.4620
0.0701
0.4921
0.3863
-0.3256
0.9700
0.4806
0.3273
-0.5040
-0.5305
-0.3692
-0.6636
0.4735
-0.2593
0.7831
-0.2578
-0.8316
0.3563
-0.9032
-0.5671
-0.3013
-0.8384
0.1426
-0.5551
-0.0482
-0.0735
-0.1509
-0.1276
-0.9791
-0.0180
0.4206
-0.2049
-0.3480
0.1918
0.9022

0.5145
0.8910
0.8238
-0.0484
0.7858
0.6930
0.7167
0.8095
0.3210
0.2123
0.3494
-0.9801
-0.0573
-0.6143
0.8778
0.3678
0.6178
0.2846
0.9616
0.2820
0.2849
0.9859
-0.8594
-0.2349
0.3262
0.2581
0.4858
-0.0739
-0.5691
0.4620
0.1243
-0.4369
0.3863
0.0869
0.9700
0.4806
-0.6432
-0.8362
-0.5305
-0.7204
-0.3014
-0.1014
0.4006
0.7831
-0.2578
-0.4380
0.2779
0.7093
-0.3438
0.5799
0.6164
0.6674
0.2507
0.1491
0.8137
-0.1509
0.1226
-0.9791
-0.0180
0.3262
-0.0883
-0.0615
-0.2151
0.7699

0.0303
-0.6924
-0.8577
-0.0484
0.6747
0.6930
0.1128
-0.9176
0.8860
0.1962
-0.4690
0.2088
-0.4715
0.0994
-0.6229
0.3678
-0.1439
0.0964
-0.2310
0.1384
-0.8594
0.9859
-0.8594
0.8880
0.3403
0.0040
0.4858
-0.1521
0.0047
0.4620
-0.0078
0.4921
-0.6844
0.9297
0.9700
0.0750
-0.3949
-0.0106
-0.5305
0.8817
-0.5862
-0.1014
0.4697
0.6577
-0.9623
-0.8316
-0.1719
0.1798
-0.5671
-0.0190
-0.8384
-0.4684
0.2507
0.1491
0.8137
-0.1509
-0.2825
0.0624
0.2763
0.7809
-0.0883
0.4961
0.9210
-0.6919

-0.1011
-0.9601
0.2715
-0.0484
-0.8967
0.8366
0.1128
0.2534
0.0540
0.2123
-0.4690
0.2088
-0.4715
0.0994
0.8778
0.9120
0.6102
0.4916
-0.2310
0.1384
-0.8594
0.9859
-0.8594
-0.7381
0.3100
-0.3574
0.4858
-0.3536
-0.8510
0.4620
0.5306
0.9651
-0.6844
-0.5163
0.9700
0.8695
-0.3949
-0.0106
-0.0867
-0.3692
-0.5862
-0.1014
-0.2593
0.2775
-0.9656
0.5710
0.3563
0.4290
-0.5671
-0.3013
-0.7656
0.6681
0.2507
-0.8930
0.8137
-0.1509
-0.2825
0.0512
-0.5971
0.4206
-0.5802
0.5223
-0.2151
0.3276

0.9104
0.1420
0.8238
-0.9669
0.6221
0.8366
0.1128
0.2534
-0.4259
0.2123
-0.4690
0.0843
-0.0573
-0.2903
0.8778
-0.3680
0.1950
0.0550
-0.2310
0.1384
-0.8594
0.9362
-0.8594
-0.2349
0.5158
-0.3574
0.4858
-0.4489
-0.5691
0.4620
0.5306
0.4921
-0.6844
-0.3256
-0.4109
0.4806
-0.4893
0.1207
-0.5305
-0.3692
-0.6727
0.4735
0.4006
0.6065
0.1774
0.5710
0.2779
0.7093
-0.5671
0.3545
0.6164
0.3362
0.2507
0.5211
-0.0735
-0.1509
0.5943
-0.6788
0.2763
0.4206
-0.5240
0.3241
0.1733
-0.7494

0.9104
-0.6924
0.2715
-0.0484
0.7858
-0.6140
0.1128
0.8095
0.8860
0.1962
-0.8273
0.2088
-0.0573
-0.5874
0.8778
-0.4152
0.9572
0.4916
0.2305
0.1384
-0.8594
0.9859
-0.8594
0.8439
0.5158
-0.0932
0.4858
-0.1521
0.4573
0.4620
-0.0078
0.9651
0.3863
-0.3256
0.9700
-0.9651
-0.3949
-0.5040
-0.2878
-0.7892
-0.2582
-0.8023
0.4697
-0.1258
-0.2578
-0.4380
-0.6576
0.4290
-0.5671
0.3545
0.6801
0.1426
0.1015
0.6511
-0.0735
0.0731
-0.1276
0.0624
0.2545
0.8122
0.3812
-0.3480
-0.2151
0.9022

0.9104
-0.9601
0.2715
-0.6600
-0.8967
0.7337
0.5301
-0.2649
0.8860
-0.4564
0.7233
-0.1628
-0.0573
0.8302
-0.7928
0.3678
-0.1439
0.5351
-0.2310
0.1384
-0.8594
-0.3234
0.4295
-0.5153
0.3262
0.0040
-0.2095
-0.1521
0.4573
0.4620
0.6562
0.6825
0.3863
0.9297
0.9700
0.2329
0.3273
-0.0106
-0.2878
-0.2713
-0.4277
-0.1014
-0.2593
0.7831
-0.4612
-0.4380
0.9160
0.4290
-0.5671
0.5799
-0.1371
0.6681
0.2507
-0.0482
-0.0735
-0.2040
-0.1276
-0.0115
0.0550
-0.2135
0.3812
0.5223
0.1918
0.3692

0.0657
0.8910
0.8238
-0.9669
0.6221
0.8366
0.1128
-0.2649
0.0540
0.1962
-0.8273
0.9743
-0.4715
-0.2846
-0.6229
-0.1798
-0.5288
0.0964
-0.2310
0.6580
-0.8594
0.9859
-0.6570
0.8439
0.3262
0.0040
0.4858
-0.4489
-0.5691
-0.1287
-0.0078
0.6825
-0.9151
-0.3256
0.9700
0.0750
-0.8722
-0.5040
-0.2878
-0.7204
0.0709
0.4735
-0.8069
-0.6228
-0.3160
-0.8316
-0.3904
0.4290
-0.5671
0.3545
0.6801
0.1300
0.1015
0.6511
-0.0735
0.1560
-0.2825
-0.6788
0.2132
0.8702
-0.0883
0.5223
-0.2151
-0.7494

0.9104
-0.3845
0.8238
-0.9669
0.7858
-0.6140
0.5301
0.2534
0.0540
-0.4564
-0.7183
-0.9801
-0.0573
-0.2903
0.7997
0.3678
0.6178
0.0550
-0.2310
0.2820
0.5823
0.9859
-0.8594
0.8439
0.0509
0.2581
0.4858
-0.1521
-0.3666
0.7076
-0.0078
-0.0004
0.5833
-0.5163
0.9700
-0.0519
-0.3949
0.9874
-0.5228
-0.7204
-0.5862
0.4735
-0.0874
-0.5870
-0.2578
-0.4380
0.3563
-0.3623
-0.5671
0.3545
-0.6275
-0.6568
0.1015
0.1491
0.1029
-0.1509
0.1226
0.0624
-0.5971
-0.2135
0.3812
-0.3480
-0.3565
0.7699

0.0657
0.8910
0.2673
-0.6476
0.6221
0.6930
0.5301
0.2534
0.9411
0.5905
-0.4690
-0.1578
-0.4715
0.8302
0.8778
-0.4152
-0.1439
0.4916
-0.2310
0.2820
0.5823
0.9859
-0.8594
0.8880
0.4355
0.0040
-0.5949
-0.4489
-0.3939
0.4620
-0.0078
0.6825
0.9692
0.9297
0.9700
0.0750
-0.8722
-0.5040
-0.2878
-0.2713
-0.3014
0.4735
-0.2343
0.6577
-0.2578
-0.8316
0.0196
0.4290
-0.5671
0.3671
-0.1371
0.6674
0.1015
0.6511
-0.0735
0.0731
-0.2013
-0.1654
-0.0180
-0.8680
0.8319
-0.3480
0.8572
0.9022

0.9104
-0.2530
0.2673
-0.0484
0.6221
0.7337
-0.4069
-0.9176
0.4224
0.2123
-0.4690
0.2088
-0.0573
0.0994
0.8778
-0.8817
0.6102
0.4916
-0.2310
0.2820
-0.5511
-0.3234
-0.8594
0.5251
0.3017
0.0286
0.4858
-0.3536
-0.5691
0.4620
-0.0078
0.9651
0.5833
-0.3256
0.9700
0.0750
-0.8722
-0.5040
-0.2878
-0.6796
0.0709
-0.1014
0.4697
0.6903
-0.5124
-0.8316
-0.6576
0.7093
-0.3438
0.4130
0.6164
0.3362
-0.1179
0.6511
-0.0735
0.0731
0.1063
0.0624
0.2763
-0.8680
0.8743
-0.0615
0.1918
-0.6919

0.0657
-0.9601
0.2673
-0.0484
-0.8967
0.6930
0.1128
0.8095
0.8860
0.2123
-0.4690
0.7761
-0.0573
0.0994
0.8778
-0.8817
0.8708
0.4916
-0.2310
0.1384
0.5823
0.9859
0.4295
-0.7829
0.6437
0.2581
0.4858
-0.4489
0.4573
0.1361
0.5306
0.6825
0.4162
-0.3256
0.9700
0.8695
0.3273
-0.5040
-0.2878
0.8817
-0.2582
0.1573
-0.8069
-0.7654
-0.9656
-0.4380
0.2483
-0.1091
-0.5671
0.3545
-0.2335
0.6681
0.1015
0.5211
0.8137
-0.2040
-0.6871
0.6891
0.2763
0.3262
0.8743
0.4961
-0.2151
-0.5783

0.0657
0.7688
-0.8577
-0.6476
0.6221
0.7337
-0.0739
0.8095
0.0540
0.2123
-0.4690
0.2088
-0.4715
-0.5874
0.8778
-0.4152
0.8708
0.4916
0.7267
0.4168
-0.8594
0.9859
-0.6570
0.0795
0.6437
-0.3574
-0.2095
-0.1521
0.4573
-0.6581
0.0930
0.4921
0.9692
-0.3256
0.9700
0.2329
-0.6432
-0.0106
-0.2878
-0.3692
-0.3494
0.4735
0.4697
-0.5870
-0.2578
-0.8316
0.9160
-0.9032
-0.5671
0.3545
0.2972
-0.6568
0.2507
-0.2810
0.8137
-0.1509
-0.1276
-0.6788
-0.5971
-0.2135
-0.2049
0.5223
0.9210
0.3276

0.0022
-0.9601
0.2673
-0.9669
0.6221
0.8366
0.5301
0.2534
-0.4741
0.2123
-0.4690
0.0042
-0.0573
-0.5874
-0.5238
-0.8817
0.8708
0.0550
0.7267
0.1384
0.7573
-0.1739
-0.6570
0.8439
0.5158
-0.3574
0.4858
-0.0739
-0.5691
0.1361
-0.0078
0.6825
-0.6844
-0.3256
0.9835
0.0750
-0.8722
-0.0106
0.1575
-0.7204
-0.6636
0.4735
-0.2593
0.6577
-0.2578
-0.8316
0.4210
0.4290
0.0069
0.3545
0.1551
0.3362
-0.7666
0.5211
0.8137
0.4104
-0.2825
0.0624
-0.5971
0.5347
0.3812
-0.3480
-0.0515
0.3276

0.9104
-0.9601
-0.8577
-0.0484
0.0101
-0.6140
0.1128
0.8095
-0.0285
0.2123
-0.8273
0.0042
-0.0573
-0.2903
0.8778
0.3678
-0.1439
0.5351
-0.2310
0.1384
-0.8594
0.8255
-0.8594
0.8880
0.3262
-0.3574
0.4858
-0.1521
-0.5691
0.4620
0.5306
0.4921
0.3863
-0.3256
0.9700
0.2329
-0.8722
-0.0106
-0.5305
0.8817
-0.0811
-0.1014
0.4006
0.6577
-0.2578
-0.8316
-0.1719
-0.1091
-0.3438
0.3545
0.6164
0.6674
0.2507
-0.8930
0.8137
0.0731
-0.6871
0.0512
-0.5971
0.4206
0.3812
-0.3480
-0.3565
-0.4029

0.9104
0.8910
-0.8577
-0.9669
0.6221
0.7337
0.5301
-0.2649
0.0540
0.5905
-0.4690
0.7761
-0.0573
0.8196
0.1666
-0.1798
0.1950
0.4916
0.7267
0.6580
0.5823
0.9859
-0.8594
0.8880
-0.2311
0.2581
0.4858
-0.3536
-0.5691
0.0054
-0.0078
0.6825
-0.6844
-0.5163
0.9700
0.0750
-0.6432
-0.5040
-0.5305
-0.3692
-0.6636
0.1573
-0.8278
0.6065
0.1774
0.5710
-0.6576
0.4290
-0.5671
0.6894
0.6801
0.3362
0.1015
-0.1185
0.1029
-0.1509
-0.2825
-0.0115
0.2763
0.7809
0.3812
0.5223
-0.1247
-0.4029

0.9104
-0.9601
0.2715
-0.5535
-0.8967
0.8366
0.5301
0.8095
-0.4741
0.2123
-0.7523
0.6599
0.5042
-0.2903
-0.7928
-0.4152
-0.1439
0.0550
-0.2310
0.6580
-0.8594
-0.3234
0.0512
0.8439
0.3262
0.2581
0.4858
-0.1521
-0.5691
0.4620
0.5306
0.6825
-0.6729
-0.3256
0.9700
0.2329
0.3273
-0.5040
-0.5305
0.8817
-0.5862
0.1573
0.4006
-0.6200
-0.2578
-0.8316
-0.3904
-0.9032
-0.5671
0.3545
0.0250
-0.6568
0.1015
0.1491
-0.0735
0.0731
-0.1276
0.0624
-0.4144
-0.8680
-0.0097
-0.3480
-0.2151
-0.7494

0.0303
-0.9601
0.2715
-0.6476
0.6221
0.8366
-0.4069
-0.4231
0.9411
-0.4564
-0.4690
-0.9801
-0.0694
-0.5874
0.8778
-0.4152
-0.5288
0.7424
-0.2310
-0.3392
-0.8594
-0.3234
-0.6570
0.8439
0.3262
0.2581
0.4858
-0.1521
0.4573
0.4620
-0.0078
-0.0004
0.9692
-0.3256
0.9700
0.2329
0.6356
-0.5040
-0.5305
0.8817
-0.5862
0.4735
0.4697
-0.5870
-0.2578
-0.8316
0.1313
0.4290
-0.5671
0.5799
0.3054
-0.4684
0.2507
0.5211
-0.4321
-0.1509
-0.1276
-0.0115
-0.5971
-0.2135
-0.5240
-0.6320
0.0936
-0.7494

0.9104
-0.9601
0.2673
-0.6476
0.7858
0.7337
-0.9640
0.3797
0.9411
0.2123
-0.4690
0.0855
-0.0573
-0.5874
-0.8194
-0.4152
0.7465
0.2846
-0.2310
-0.8178
0.5823
0.9859
-0.8594
0.8880
0.6437
-0.3574
0.4858
0.1906
-0.5691
0.1361
0.0701
-0.3957
-0.6844
0.9297
0.5197
0.5380
-0.3949
-0.5040
-0.5305
-0.3692
-0.0811
0.4735
0.4006
0.6065
-0.9656
-0.8316
0.9160
0.7008
-0.5671
0.3545
-0.8384
0.3362
0.2507
-0.0482
-0.0735
-0.1509
-0.2825
0.1905
-0.0180
0.3262
0.3812
0.5223
-0.2151
0.3276

0.0657
0.8910
0.0034
-0.6476
-0.8967
0.6930
0.1128
-0.2649
0.8860
-0.4564
-0.8273
-0.1578
0.6584
0.8302
0.8592
0.3678
-0.1439
0.0964
-0.2310
0.2820
-0.8594
0.9859
0.7050
-0.9929
0.3262
0.2581
-0.2095
-0.1521
0.8217
0.4620
-0.0078
0.4921
0.9692
-0.3256
0.9835
0.0750
-0.6432
0.9874
-0.5305
0.8817
-0.2582
0.4735
0.4697
0.8443
0.1774
-0.4380
0.9160
0.4290
-0.3724
-0.3013
-0.6275
0.6674
0.1015
-0.2810
0.1029
0.4104
-0.2825
-0.0115
-0.5971
-0.2135
0.8743
-0.3480
-0.2878
-0.7494

0.0657
-0.9601
0.8238
-0.5535
0.6221
-0.6140
0.5301
0.2534
0.0540
-0.4564
-0.8273
0.7761
-0.0573
-0.5874
0.8778
-0.4152
-0.1439
0.4916
-0.2310
0.2820
-0.8594
0.9859
-0.8594
0.8439
0.5183
0.0040
0.4858
-0.0739
0.8217
-0.6581
-0.5346
0.4921
0.3863
0.9297
0.9835
0.4806
-0.6432
-0.0106
-0.5305
0.4665
-0.6636
0.4735
0.4006
0.6577
-0.2578
-0.0096
0.3563
0.4290
-0.2724
0.3545
0.6164
0.6674
0.2507
0.6511
-0.0735
-0.1509
-0.2825
-0.0115
-0.5971
-0.2135
0.3812
0.3241
0.9210
-0.7494

0.0657
0.8910
-0.1399
-0.5535
0.6221
0.8366
0.5301
0.2534
0.9411
0.2123
0.1088
-0.9801
0.6584
-0.5874
-0.7928
0.1046
-0.6010
0.0550
0.7267
0.1384
0.7540
0.9859
-0.8594
0.5251
0.3100
-0.3574
0.4858
-0.1521
-0.3666
0.4620
-0.0078
0.9651
-0.6844
0.9297
0.9700
0.2329
-0.8722
-0.0106
-0.2878
-0.3692
-0.6636
0.4735
0.9215
0.6903
0.1774
-0.8316
0.3563
0.7093
-0.5671
0.5799
-0.1371
0.6681
0.2507
-0.1185
0.1029
0.4104
-0.1276
-0.0115
-0.0180
-0.2135
0.8743
0.3241
-0.2151
0.3276

0.6354
0.8910
0.8037
-0.0484
-0.8967
0.8366
0.5301
-0.2649
0.8860
0.2123
-0.8273
0.0855
-0.0573
-0.6143
-0.5238
-0.4152
-0.7829
0.4916
-0.2310
0.1384
-0.7830
0.9859
-0.8594
-0.2349
0.3403
0.2581
0.4858
-0.4489
0.8217
0.1361
0.0701
-0.3957
0.9692
-0.3256
0.9700
0.2329
-0.8722
0.1207
-0.5305
-0.2713
-0.2582
0.1573
0.9215
-0.5870
0.1774
-0.8316
-0.1719
0.4290
-0.5671
0.3545
0.6164
0.6681
0.2507
0.6511
0.8137
0.0731
-0.2825
0.9335
-0.5971
0.0211
-0.0097
-0.3480
-0.2151
0.7699

0.9104
-0.6924
-0.8970
-0.0484
0.7858
0.6930
-0.4069
0.2534
0.4313
0.3298
-0.4690
-0.6514
0.6584
-0.2903
0.8778
-0.1798
0.8708
0.0964
-0.2310
0.1384
-0.8594
0.2351
-0.8594
-0.5153
0.5183
0.0040
-0.2095
0.2980
0.8217
0.4620
0.6562
0.4921
0.3863
0.9297
0.9700
0.4806
-0.6432
-0.0106
-0.5305
-0.2713
-0.0811
-0.4155
0.4697
-0.5870
-0.2578
-0.8316
0.6593
0.7008
-0.5671
0.3545
-0.6275
0.6681
0.2507
0.5211
-0.0735
-0.1509
0.1226
0.9335
-0.5971
0.3262
-0.5240
0.5223
0.1733
0.9022

0.9104
0.1142
0.2673
0.3598
-0.8967
0.7337
0.1128
0.9264
-0.4741
-0.4564
-0.9328
-0.1578
-0.0573
-0.5874
0.7997
-0.3680
0.8708
0.4916
0.2305
0.1384
-0.8594
0.9859
-0.5228
0.8880
0.4679
-0.3574
0.4858
-0.3536
0.4573
0.4620
-0.0078
-0.4369
0.3863
0.9297
0.9700
0.0750
0.3273
-0.5784
-0.2878
-0.4040
0.0709
-0.1014
0.4697
0.6577
-0.0089
0.5710
0.9160
0.4290
-0.5671
0.3545
0.1551
0.0943
0.2507
-0.8550
-0.0735
0.0827
0.2131
-0.0115
0.2763
0.3262
0.3812
-0.3480
-0.2151
-0.5783

0.9104
0.7688
0.8238
-0.9669
-0.8967
0.8366
0.7167
0.2534
0.8860
0.2123
-0.8273
-0.1249
-0.4715
-0.4854
0.8778
-0.4152
-0.5288
0.2846
-0.2310
0.8868
0.5823
-0.3234
-0.6570
0.8880
0.4355
0.2581
-0.2335
0.6155
0.8217
-0.6581
-0.0078
0.4921
0.5833
-0.3256
0.4636
0.2329
-0.6432
-0.5040
-0.5305
0.8817
-0.2582
-0.1014
0.9215
0.6903
-0.2578
-0.4380
0.2779
0.4290
-0.5671
0.3545
0.6164
0.3362
0.1015
-0.2810
0.8137
0.0731
0.2131
0.9335
-0.5971
-0.2135
-0.2049
-0.3480
-0.2151
0.9022

0.7277
0.546
0.3992
-0.2905
-0.2182
0.3266
0.5376
-0.8066
-0.7164
-0.8929
-0.7164
-0.3081
0.1688
-0.6948
0.7091
0.7645
0.5108
0.7108
0.6699
0.6699
-0.7407
-0.4482
0.1688
0.3992
0.4565
-0.6894
-0.2272
-0.4782
0.0804
-0.6705
-0.5769
-0.8508
-0.7099
0.6518
-0.0523
0.4565
-0.1493
0.3266
-0.4852
0.7108
0.0731
0.3062
-0.1305
0.6699
-0.1247
0.5376
-0.3049
-0.9667
-0.0516
-0.6572
0.4792
-0.6948
-0.7824
0.5376
0.4792
0.5835
-0.0516
0.3062
-0.7154
0.799
-0.9829
-0.9413
0.3992
-0.7164
0.1584
-0.7715
-0.7601
-0.8968
-0.2182
-0.613
-0.6828
0.1744
-0.7164
0.4843
-0.9151
-0.6828
-0.0344
-0.8617
0.7091
0.0535
0.231
0.1345
0.4843
-0.029
0.8684
0.5376
-0.3081
-0.029
0.4565
-0.077
-0.2272
0.0804
-0.1363
0.546
0.4565
-0.8508
-0.7099
-0.572
-0.5769
0.4565
-0.6828
0.9745
0.8684
-0.7099
-0.1247
0.6518
-0.7338
-0.8589
-0.7164
0.1723
-0.0523
-0.4482
-0.0516
-0.6572
-0.1493
-0.6948
0.6443
-0.9487
-0.7155
-0.6038
0.799
-0.5769
0.3706
0.1723
-0.7601
-0.7154
-0.6057
0.1744
0.546
-0.1362
0.231
-0.6894
-0.2182
0.3266
-0.6828
-0.0344
-0.1659
-0.8929
-0.7164
-0.7099
-0.077
-0.2905
0.7091
-0.8929
0.799
0.1345
0.6699
0.546
0.4068
-0.4482
0.9828
-0.0307
-0.0523
-0.8602
-0.2272
-0.0214
0.231
0.3314
-0.7601
-0.8508
-0.7099
-0.8589
-0.7154
0.6994
-0.6828
0.7108
-0.4852
-0.7099
0.0731
-0.0344
0.231
-0.8589
-0.8968
-0.613
-0.7099
-0.0214
0.4068
-0.6572
0.1688
-0.6948
-0.077
0.5376
-0.6705
-0.6038
-0.3081
0.546
0.3706
0.1723
0.7727
-0.9413
0.3992
0.1744
0.7277
-0.0999
0.231
-0.6894
-0.7164
0.3266
0.1731
-0.0344
-0.7164
-0.9829
-0.7164
0.8684
0.1688
0.5376
0.819
0.0535
0.231
0.1345
-0.7605
-0.7407
-0.7407
0.5376
-0.2648
-0.9151
0.3703
-0.9487
-0.9413
0.0804
-0.0516
0.546
0.4565
-0.8508
0.1731
0.231
-0.5769
0.6699
-0.6828
0.3266
0.819
-0.7099
0.4565
0.3062
0.231
-0.8617
-0.4482
0.1723
-0.9104
0.7727
-0.0516
0.9906
0.4792
0.4565
-0.7824
-0.9487
-0.7155
-0.0516
0.799
0.546
-0.0523
0.1723
-0.9829
-0.9413
0.3992
0.1744
0.7277
-0.7338
-0.1305
-0.2905
-0.0636
0.3266
-0.7109
-0.0344
-0.7164
-0.9829
-0.7164
-0.6828
0.1688
0.5376
0.7091
-0.8929
0.231
0.1345
0.6699
-0.0307
0.5376
-0.7154
-0.3081
0.3992
-0.6894
-0.6894
-0.2272
-0.0636
0.9504
-0.1305
0.1744
-0.8508
0.1731
-0.8589
-0.7154
0.6699
-0.774
-0.8508
-0.4852
-0.7164
0.4565
0.3062
0.231
0.6699
-0.8968
0.5376
-0.0523
-0.0214
-0.8066
-0.1363
0.4792
-0.6948
0.1731
-0.9487
-0.1787
-0.6038
0.1723
0.819
-0.7154
0.1723
-0.7601
-0.7154
0.3992
-0.6038
0.1584
-0.0999
0.231
-0.6894
-0.7164
-0.0523
-0.1305
0.1731
-0.7605
0.0792
-0.7164
-0.6828
-0.0344
-0.8617
0.7091
0.6699
0.5108
0.1345
0.6699
0.0151
0.1731
0.5108
0.1688
-0.029
-0.1362
-0.6894
0.7277
0.0804
-0.572
-0.9487
0.7108
-0.0214
0.1731
0.0792
-0.7154
0.4565
-0.6828
0.0731
-0.4852
-0.7099
0.4565
0.6518
-0.1305
-0.8589
0.5376
0.1723
-0.0523
-0.4482
-0.0516
0.5453
0.4792
-0.774
-0.077
-0.9487
0.3062
-0.6038
0.799
0.546
0.9504
0.1723
0.7727
-0.7154
-0.6057
-0.2182
-0.0636
-0.0999
-0.7601
-0.0636
-0.0636
0.3266
-0.1305
-0.0344
-0.7164
-0.8929
0.6701
-0.7099
0.4843
0.5376
0.5835
0.5376
0.231
0.1345
0.3703
0.4068
0.8684
-0.4482
0.1688
-0.0307
0.4565
-0.6894
-0.2272
0.0804
0.6518
0.546
-0.7601
-0.0214
-0.7099
-0.8589
-0.7154
-0.23
-0.774
0.3992
-0.4852
-0.7099
-0.1247
0.3266
-0.1305
0.6699
-0.1247
0.1723
-0.6572
-0.1493
-0.8066
-0.6572
0.6701
0.0804
-0.7824
-0.9487
-0.8589
0.5835
-0.3081
0.6021
-0.0523
0.1723
-0.9829
-0.9413
-0.7715
0.1744
0.1584
-0.9764
0.3866
-0.0636
-0.2182
0.3266
-0.6828
-0.7605
-0.7164
0.4843
-0.7164
-0.6828
0.1688
-0.2905
0.0151
0.5376
0.231
0.1345
0.6699
-0.0307
-0.2648
0.6699
-0.3081
0.7727
0.4565
-0.6894
0.7277
0.0804
-0.572
0.546
-0.7824
-0.0214
0.1731
0.6518
-0.7154
-0.23
-0.774
0.3992
-0.4852
-0.7099
-0.1247
0.9828
0.231
-0.8589
-0.8066
0.5376
-0.9104
-0.4482
-0.8066
-0.6572
-0.0516
0.4565
-0.077
0.7856
-0.1787
-0.6038
0.1723
0.0731
-0.23
0.1723
-0.9829
-0.9413
-0.6894
-0.7164
0.7277
0.3866
0.6994
-0.8968
-0.2182
0.3266
0.5376
0.1731
-0.1659
0.5453
-0.7164
0.8684
-0.0344
0.5376
0.7091
-0.8929
0.231
0.1345
0.6699
-0.029
0.5376
0.7277
-0.3081
0.1584
0.546
-0.6894
-0.2272
0.819
0.231
-0.6705
-0.2781
-0.8508
-0.7099
-0.8589
-0.7154
0.0731
-0.1493
0.3266
-0.4852
0.7108
0.4565
0.6518
-0.7338
0.4068
-0.8968
0.1723
-0.0523
-0.0214
-0.0516
0.5453
0.6701
0.4565
0.6443
-0.9487
-0.1787
0.5835
0.1723
0.0731
-0.23
-0.7116
0.9828
-0.9413
0.3992
-0.7164
0.7277
0.546
0.3992
-0.2905
0.7645
0.3266
-0.572
-0.0344
-0.1659
0.3706
-0.7164
-0.7099
0.1688
0.5376
0.819
0.0155
0.231
0.1345
-0.6705
0.8686
0.5376
-0.4482
-0.2648
-0.0307
0.4565
-0.077
-0.2272
0.819
-0.5769
0.546
0.7108
-0.8508
0.1731
-0.572
0.1345
-0.23
-0.774
0.0731
-0.4852
-0.7099
-0.1247
0.9828
-0.1305
-0.8589
-0.7164
0.1723
-0.0523
-0.0214
-0.6894
0.5453
-0.0516
-0.6948
-0.7824
-0.9487
0.6443
0.5835
-0.3081
0.5376
-0.23
0.1723
0.0535
-0.7154
-0.6894
-0.7164
-0.572
0.3314
0.231
-0.6894
0.7645
0.3266
-0.572
0.6574
-0.6828
0.4843
-0.7164
-0.7099
0.1688
0.5376
0.819
-0.8929
0.231
0.1345
0.5108
-0.029
0.5376
0.6699
-0.3081
-0.0307
0.7856
0.1744
-0.2272
0.5007
0.9504
-0.9487
-0.7601
-0.8508
0.1731
-0.2272
-0.2182
0.4565
-0.6828
-0.6948
-0.1363
-0.7099
0.0731
-0.0344
0.231
0.6699
-0.7164
0.7108
-0.0523
-0.0214
-0.0523
0.9906
0.4792
-0.774
-0.9104
-0.9487
-0.7155
0.0155
0.799
0.546
-0.0523
-0.7824
-0.9829
-0.9413
-0.7715
0.1744
-0.572
-0.7715
0.3992
-0.6894
0.7108
-0.613
0.5376
0.1744
-0.7605
0.8684
-0.7164
0.8572
-0.0344
-0.1659
0.7091
-0.8929
0.231
0.5376
0.4843
0.6699
0.5376
-0.4482
-0.9764
0.9504
0.4565
0.1744
0.6994
0.819
-0.5769
0.546
-0.2272
-0.8508
0.1731
-0.8589
-0.7154
0.6699
-0.6828
0.3266
-0.4852
0.7108
-0.1247
0.9745
0.231
-0.8589
0.7108
0.1723
-0.4782
-0.4482
-0.9337
-0.6572
-0.1493
0.4565
-0.7824
-0.9487
0.0151
-0.6038
0.799
0.819
-0.23
0.1723
-0.7715
-0.7154
-0.6894
-0.7164
-0.572
-0.0999
0.231
0.1744
-0.0636
0.3266
0.5376
-0.1247
0.4792
-0.9104
-0.1493
-0.3081
-0.0344
-0.1659
0.7091
0.819
0.5108
0.3062
0.5108
-0.8617
0.1731
0.5108
0.1688
-0.0717
0.3703
0.1744
-0.2272
0.819
0.231
-0.6705
0.7108
-0.8508
0.1731
-0.9104
-0.7154
0.6994
-0.774
0.3266
-0.4852
-0.7099
0.4565
0.3062
0.5472
-0.8617
-0.8968
0.1723
-0.9104
-0.0214
-0.0516
-0.6572
0.4792
-0.3081
-0.9104
-0.6894
-0.6705
-0.8929
0.1723
0.3062
0.9504
0.799
-0.7601
0.3992
-0.0999
0.1744
0.1584
0.736
-0.7601
-0.0636
-0.0636
0.3266
-0.7109
0.1731
-0.7605
0.3706
-0.9151
-0.7099
0.0792
-0.6948
0.7091
0.8684
0.231
0.3706
0.6699
-0.029
0.8684
-0.4482
0.1688
-0.0307
0.4565
-0.8602
-0.2272
0.819
-0.572
-0.6705
-0.7601
-0.0214
0.1731
-0.774
0.1345
0.0731
-0.6828
0.3266
-0.4852
-0.7099
0.4565
0.9828
-0.1305
-0.8617
-0.8968
0.1723
-0.9104
0.6574
-0.0516
0.5453
0.6574
-0.6948
-0.077
-0.9487
-0.1787
-0.0516
0.1723
0.546
-0.9413
0.1723
-0.7605
-0.9413
0.3992
0.1744
0.546
-0.7338
0.3992
-0.0636
-0.7338
0.3266
0.5376
0.6574
-0.7164
0.3706
-0.9151
-0.7099
-0.0344
-0.6948
0.7091
0.5835
0.231
0.1345
0.3703
0.546
0.1731
-0.4782
0.1688
0.3992
0.3703
-0.7099
-0.2272
-0.0214
-0.5769
-0.6705
-0.774
-0.8508
0.1731
0.3314
-0.7154
0.4565
-0.774
0.3992
-0.4852
-0.7099
0.4565
0.3062
0.231
0.6699
0.7108
0.5376
-0.0523
0.8686
-0.0516
-0.1363
0.4792
-0.774
-0.077
-0.8066
0.3062
-0.8929
-0.3081
0.819
-0.0523
0.1723
-0.7605
-0.9413
-0.6894
0.1744
0.1584
-0.0999
0.3992
0.0151
-0.2182
-0.7338
-0.6828
0.1744
-0.7164
-0.6572
-0.7164
-0.3081
0.4843
0.1688
0.7091
0.819
0.736
0.1345
0.4843
-0.029
-0.2648
-0.2905
0.1688
-0.0307
0.4565
-0.6894
0.6994
0.819
-0.5769
-0.6705
-0.2781
-0.7605
-0.7099
-0.2272
-0.5769
0.6699
-0.774
0.3266
-0.2648
-0.7099
0.4565
0.9828
0.231
-0.8589
0.7108
-0.4782
0.1731
-0.1493
-0.0516
0.9906
-0.1493
-0.6948
-0.077
-0.8066
-0.6705
-0.6038
0.1723
0.1345
-0.0523
0.1723
-0.9829
-0.9413
-0.6894
-0.7164
-0.0636
-0.0999
-0.1305
-0.2905
-0.0636
0.3266
-0.6828
0.6574
-0.7164
0.3706
-0.9151
0.8684
0.4843
0.5376
0.7091
0.819
0.231
0.1345
-0.7605
0.6699
0.5376
-0.2905
0.9828
-0.029
0.4565
-0.6894
-0.9413
0.0804
0.231
-0.6705
-0.2272
-0.0214
0.1731
0.6518
-0.23
-0.7116
-0.6828
0.3266
-0.4852
-0.7099
-0.1247
0.6518
0.7645
-0.8589
0.7108
-0.7155
0.8686
-0.4482
-0.0516
0.5376
0.4792
-0.6948
-0.8602
-0.6894
0.3062
-0.6038
0.799
0.546
-0.23
0.1723
-0.9829
-0.9413
-0.7715
-0.7164
-0.0636
-0.9764
0.231
-0.2905
-0.1787
-0.613
-0.572
0.1731
-0.7164
0.3706
-0.9151
-0.6828
-0.4852
-0.8617
0.7091
-0.5847
0.231
0.1345
0.4843
-0.029
0.5376
0.6699
-0.2648
-0.029
-0.1362
-0.077
-0.2272
0.819
-0.1363
-0.9487
-0.7116
-0.8508
-0.7099
0.6518
-0.7154
0.6699
-0.774
0.3266
-0.2648
-0.7099
0.0731
0.9745
-0.1305
-0.8617
-0.7164
0.1723
0.9828
-0.0214
-0.8066
0.9906
-0.1493
0.799
-0.077
-0.9487
-0.1787
0.5835
0.799
0.0731
0.3706
0.1723
0.7727
-0.9413
0.3992
-0.7164
-0.572
-0.7338
0.3866
-0.8968
-0.7338
0.3266
-0.572
0.1731
-0.7164
0.0792
-0.7164
-0.6828
-0.8929
-0.8617
0.7091
0.0535
0.5108
0.1345
0.6699
0.0151
-0.7407
0.5376
-0.9764
0.3266
0.7856
-0.077
-0.6705
0.0804
-0.1363
0.546
-0.2272
-0.8508
0.1731
-0.8589
-0.7154
0.4792
-0.774
0.3266
-0.2648
-0.7099
-0.1247
0.3062
0.6699
-0.8589
-0.8968
0.3703
-0.0523
-0.0214
-0.0523
-0.6572
0.4792
-0.6948
-0.077
-0.9487
-0.1787
-0.0516
0.1723
0.0731
0.9504
0.1723
0.7727
-0.9413
0.3992
-0.7164
0.9745
0.546
-0.7601
-0.0636
-0.0636
0.3266
-0.6828
0.1731
-0.7164
0.8684
-0.9151
-0.7099
-0.888
-0.8617
0.819
0.819
0.231
0.5376
0.1688
-0.8617
0.8684
0.6699
-0.3081
-0.029
0.7856
-0.6894
-0.2272
0.0804
0.0804
0.3314
-0.7601
-0.8508
-0.7099
0.6518
-0.0523
-0.23
0.4843
0.7108
-0.2648
-0.7099
-0.7154
0.9828
0.231
0.6699
-0.1247
0.5108
-0.9104
-0.4482
-0.0516
-0.6572
0.6701
0.799
-0.9104
-0.9487
0.0151
-0.6038
0.1723
-0.2272
-0.23
0.799
-0.9829
-0.9413
-0.6894
-0.6038
0.1584
-0.0999
0.231
-0.6894
-0.2182
0.3266
-0.6828
0.6574
-0.7164
-0.8929
-0.7164
0.8684
-0.8929
0.5376
0.5835
-0.0516
0.231
0.1345
0.5108
-0.029
-0.7407
0.6699
0.1688
-0.9151
0.7856
-0.9487
-0.2272
0.819
0.231
-0.9487
-0.7601
-0.8508
-0.7099
0.6518
-0.7154
-0.23
-0.1493
0.3266
-0.4852
0.7108
-0.1247
0.3266
0.231
-0.7099
0.3706
0.5376
-0.0307
-0.0214
-0.0523
-0.6572
-0.0516
-0.6948
-0.5847
-0.8066
-0.6705
-0.0516
0.1723
0.0731
0.9504
-0.3049
0.7727
-0.7154
-0.7601
0.1744
0.0731
0.6443
0.231
-0.0636
0.231
0.3266
-0.572
-0.7605
0.4792
0.3706
-0.9151
0.8686
0.1688
-0.8617
0.819
-0.8929
0.231
0.1345
-0.7155
-0.9764
0.5376
0.5376
0.9828
-0.029
0.3703
-0.9487
-0.2272
0.819
-0.1787
-0.6705
0.4565
-0.0214
-0.7099
-0.572
-0.7154
0.4565
-0.774
-0.8508
-0.4852
-0.7099
-0.1247
0.6518
0.231
-0.8589
0.7108
0.5376
-0.0523
-0.0214
-0.0523
-0.6572
0.4792
-0.6948
-0.077
-0.9487
-0.0717
-0.6038
-0.0516
0.546
-0.0523
0.1723
0.7727
-0.9413
0.3992
0.1584
0.1584
-0.9764
0.3992
-0.2905
0.7645
0.3266
0.5376
-0.7605
-0.7164
0.4843
-0.9151
0.8684
-0.0344
-0.8617
0.7091
-0.8617
0.231
0.1345
-0.2182
-0.8617
0.8684
-0.4482
-0.3081
-0.029
-0.1362
-0.2648
-0.2272
0.819
0.5453
-0.9487
-0.5769
-0.0214
-0.7099
0.3314
-0.7601
0.6699
-0.774
0.3266
-0.4852
-0.7099
0.4565
-0.0344
-0.8617
-0.8589
-0.8968
0.1723
-0.7099
-0.0214
-0.0516
0.5376
0.4792
-0.6948
0.1731
-0.9487
-0.0214
0.5835
0.1723
0.0731
0.3706
0.1723
0.7727
-0.7154
-0.7601
-0.7164
0.7277
-0.9764
-0.7601
-0.2905
-0.7338
0.3266
0.5376
0.6574
-0.7605
0.3706
-0.7164
0.8686
-0.8929
0.5376
0.7091
0.0535
0.5108
0.1345
0.6699
0.6443
0.6021
0.5376
0.0792
-0.0307
0.3703
-0.7601
-0.2272
-0.4782
0.231
-0.6705
-0.7824
-0.1659
0.1731
0.6518
-0.5769
0.0731
-0.774
-0.8508
-0.4852
0.7108
-0.1247
0.3062
-0.1305
-0.8589
0.7108
0.5376
-0.0523
0.8686
-0.8066
-0.0999
-0.9151
-0.572
0.6443
-0.9487
-0.7155
0.5835
0.1723
0.0731
-0.9413
0.1723
-0.7605
-0.7154
0.3992
0.6518
0.546
-0.0999
0.231
-0.2905
-0.2182
0.5472
0.5376
0.6574
-0.7164
0.3706
-0.9151
0.4565
-0.0344
-0.2905
0.7091
0.8684
0.231
0.1345
0.1688
0.0151
-0.7407
0.6699
-0.3081
-0.0307
-0.0523
-0.0999
-0.2272
0.819
-0.572
0.546
-0.0717
-0.8508
0.1731
0.6518
-0.0516
-0.6828
-0.774
0.3992
-0.2648
-0.7099
-0.1247
0.3062
0.231
0.1731
-0.1247
0.5376
-0.0523
-0.0214
-0.2905
-0.2648
0.1688
-0.6948
0.1731
-0.9337
-0.774
-0.6038
0.799
0.3062
-0.23
-0.3049
0.7727
-0.9413
0.3992
0.1584
0.7277
-0.1362
-0.7601
-0.0636
-0.7164
-0.613
-0.572
0.6574
-0.7164
0.3706
-0.9151
-0.6828
-0.8929
-0.8617
0.7091
0.7645
0.231
0.1345
-0.7155
-0.029
0.5376
0.5376
0.9828
0.3992
0.4565
-0.7099
-0.2272
0.0804
-0.7338
-0.6705
-0.7601
-0.0214
0.1731
-0.2781
-0.7154
0.6699
-0.6828
0.3266
-0.2648
-0.7099
-0.1247
0.3062
0.231
-0.8589
-0.7164
0.5376
-0.9764
-0.0214
0.6574
0.9906
0.4792
0.4565
-0.7824
-0.6705
-0.8589
0.0155
-0.3081
0.3062
-0.23
0.1723
0.7727
-0.9413
0.3992
-0.7164
0.546
0.6518
-0.7601
-0.2905
0.3266
0.3266
-0.7099
-0.7605
-0.1659
0.3706
-0.7164
-0.6828
-0.8929
-0.8617
0.7091
-0.8929
0.5108
0.1345
0.4843
0.546
0.5376
-0.9413
-0.6038
0.3992
-0.1362
0.1744
0.1723
0.819
-0.5769
0.7856
-0.7116
-0.8508
-0.7099
-0.774
-0.7601
0.6699
-0.8929
0.3266
-0.6057
-0.7099
0.0731
0.6518
0.231
-0.8589
-0.8968
0.7108
-0.0523
-0.0214
-0.8066
0.9906
0.6701
-0.1362
-0.077
-0.9487
-0.8589
-0.6038
0.799
0.819
0.3706
0.1723
-0.9829
-0.7154
0.3992
0.1744
-0.9413
-0.1362
-0.8508
0.5007
-0.2182
0.3266
0.0792
-0.0344
-0.7605
0.0792
-0.9151
-0.3081
0.1688
-0.2905
0.7091
-0.8929
0.5108
0.1345
0.6699
-0.029
0.1731
-0.2905
0.9828
-0.029
0.7856
0.1744
-0.9413
0.819
-0.572
-0.6705
-0.7601
-0.8508
-0.7099
-0.7109
-0.7154
0.4565
-0.9829
0.3992
-0.4852
-0.7099
-0.1247
0.6518
-0.7338
-0.8617
0.7108
0.7108
-0.0523
0.8686
0.4068
0.9906
0.6701
-0.6948
-0.9487
-0.9487
0.0151
-0.8929
-0.0516
0.0731
-0.23
0.1723
0.1744
-0.7154
-0.6894
-0.7164
0.7277
0.546
-0.7715
-0.2905
-0.0636
0.3266
-0.572
-0.4482
-0.7164
0.8684
-0.9151
-0.6828
0.1688
0.5376
0.7091
-0.8617
0.231
0.1345
-0.2182
-0.029
0.1731
0.6699
0.1688
-0.029
0.4565
-0.7715
-0.9413
-0.774
0.9504
0.546
0.7108
-0.8508
0.1731
0.1345
-0.7154
0.4565
-0.0344
0.7108
-0.4852
-0.7099
0.4565
0.3062
0.231
0.6699
-0.8968
0.1723
-0.0523
0.8686
0.4565
0.3706
-0.0516
-0.6948
-0.077
-0.9487
-0.7155
-0.0516
-0.3081
-0.2781
-0.23
0.1723
-0.9829
-0.9413
0.3992
0.1744
0.1584
-0.9764
0.231
-0.8968
-0.1787
0.3266
0.8572
0.6574
-0.6948
0.8684
-0.9151
0.8572
-0.0344
0.5376
0.7091
0.5376
0.231
0.1345
-0.029
0.546
0.4068
0.5108
-0.3081
-0.029
0.3314
-0.6894
0.7277
0.0804
-0.572
-0.6705
-0.774
-0.0214
-0.7099
-0.8589
0.1345
0.0731
-0.774
0.7108
-0.2648
-0.8508
0.4565
-0.0344
0.231
0.6699
-0.7164
0.6701
-0.4782
-0.0214
-0.0523
-0.6572
-0.1493
-0.774
-0.077
-0.8066
-0.1787
0.5835
0.1723
0.819
-0.9413
0.1723
0.7727
-0.7154
-0.7601
-0.7164
0.0869
0.4142
-0.5937
0.0971
-0.8362
0.5358
-0.2673
0.7165
0.6479
-0.0258
-0.9954
-0.2719
0.8431
0.6587
-0.3859
0.1918
0.2397
0.7869
0.1594
-0.9601
0.1670
0.6294
0.1052
0.3716
0.0974
-0.4558
-0.8749
0.5288
0.6165
-0.4472
0.4259
0.2573
0.1573
-0.9041
-0.9012
0.3658
0.2731
-0.0918
0.1784
0.6472
0.4264
-0.8743
-0.4268
0.6437
0.6886
0.4958
-0.6645
-0.5628
-0.0685
0.6392
0.6874
0.0480
0.2502
-0.1772
0.3629
-0.0535
0.8000
0.5167
0.0550
0.1539
-0.5270
0.4986
-0.4893
-0.0376

-0.7677
0.3226
0.9260
0.0971
-0.7282
0.5358
-0.2673
0.7165
-0.9543
-0.6859
-0.6033
-0.2348
0.8431
-0.9029
0.1798
-0.5097
-0.0190
0.7869
0.5117
0.5390
0.7449
0.4830
-0.1699
-0.2748
-0.4292
-0.4913
0.5898
0.9150
0.6165
0.8994
0.4259
0.5145
-0.0591
-0.2903
-0.9012
-0.8078
0.6467
-0.0918
0.5042
0.3210
0.5823
0.4160
0.6826
0.5284
0.4233
0.7347
-0.2095
-0.7624
-0.4332
0.6392
0.6874
0.2849
0.4332
-0.1772
0.3629
0.8037
0.8000
0.1373
0.6589
0.1539
-0.5270
0.1243
-0.8467
-0.0376

0.0796
0.7733
0.9260
-0.5566
0.8253
0.7555
0.8049
-0.4044
0.0964
-0.0258
-0.1516
-0.2719
0.3403
-0.9029
-0.3859
0.8743
0.0698
-0.7656
0.5117
0.5390
0.1670
0.6294
-0.1699
-0.2748
0.5704
0.7949
0.5898
0.5288
0.6165
-0.6346
0.4259
0.8544
0.1573
-0.3600
-0.9012
-0.8078
0.6467
-0.0918
0.1784
0.6472
0.8592
0.9120
0.6826
-0.5021
0.6886
0.4958
-0.6645
-0.7624
-0.0685
0.6392
0.6874
0.7046
-0.2815
0.7288
0.3629
-0.3656
0.8000
0.5167
-0.4288
0.1539
-0.5510
-0.6104
-0.8467
0.4838

0.5608
-0.4109
-0.7456
-0.5566
0.8253
0.6065
-0.2673
0.7165
-0.9543
-0.6859
-0.6033
-0.2719
0.8431
-0.9029
0.4961
-0.4869
-0.8611
0.4448
0.5117
0.5390
0.1670
0.7607
-0.1699
0.5943
0.9038
-0.4558
-0.2748
0.9150
0.4271
0.8994
-0.7853
-0.1011
0.1573
-0.5810
0.7805
0.7267
0.2731
-0.0918
0.7155
0.7104
-0.9156
0.9566
-0.6479
-0.5021
0.4233
0.9226
-0.6645
0.7324
-0.6888
0.5804
-0.0180
0.7046
-0.2815
-0.1772
-0.7381
-0.3656
0.8000
-0.0323
0.6589
0.9742
-0.5270
-0.6104
-0.9561
-0.7251

0.0796
0.4142
-0.5937
0.0971
0.8253
0.5358
-0.7892
0.7165
0.2797
-0.6859
-0.1516
-0.2348
-0.9121
0.6587
-0.3859
-0.4869
-0.8611
0.4448
0.1594
-0.9601
0.7449
0.6294
0.1052
0.1128
0.5704
-0.4913
-0.2748
0.5288
0.7133
-0.4472
0.3384
0.8544
0.1420
0.8466
0.5871
0.8609
0.6467
0.4210
-0.8726
-0.4259
-0.9608
-0.1276
0.6826
0.0559
0.6886
0.7347
-0.6645
0.7324
-0.6888
0.5804
-0.0180
0.0480
-0.2815
-0.1772
0.3629
-0.0535
0.8000
0.8483
0.1457
0.1539
-0.3256
-0.6104
0.4006
-0.0376

0.0796
0.4142
-0.5037
0.9710
0.3553
0.5358
0.2695
-0.4277
0.5236
-0.6859
-0.6033
-0.4612
0.3403
-0.9029
0.4961
0.1918
-0.0029
0.1279
0.5117
0.5390
0.3598
-0.2438
0.1052
-0.2748
0.9038
0.0550
0.1677
0.5288
0.4271
-0.6861
0.3692
-0.3538
0.1573
-0.2903
0.5871
0.8609
0.6861
-0.4869
-0.8726
0.0994
-0.9608
0.9030
0.6826
-0.5021
0.6886
0.7347
-0.2095
0.9572
-0.4332
-0.2349
0.3262
0.7046
-0.2815
-0.1772
0.3629
-0.3656
-0.0932
0.1181
0.5833
0.3073
-0.5270
-0.6104
-0.9561
0.5800

0.5608
0.4142
-0.5937
-0.4299
-0.7282
0.5358
0.8049
0.7165
0.2797
-0.0258
-0.9954
-0.2719
0.2262
0.6587
-0.3859
0.1918
-0.8611
-0.2945
0.1300
0.5178
0.1670
0.8702
-0.1699
-0.2748
-0.0515
-0.4913
-0.8749
-0.1721
0.6165
-0.6346
0.3384
0.8544
0.1573
-0.9041
-0.6600
-0.8078
0.6467
0.4210
-0.8726
0.6472
0.8592
0.7233
-0.1628
0.6437
0.6886
0.9226
-0.6645
-0.7624
-0.6775
0.6392
0.3165
0.7046
-0.2815
-0.1772
0.9874
-0.3656
0.8000
0.5167
0.0550
0.1539
-0.5270
0.2661
-0.9561
-0.0376

0.5608
0.4142
-0.0519
-0.4202
0.4046
0.5358
-0.2673
0.7165
-0.9543
-0.0874
-0.9954
-0.2348
0.8431
-0.9029
-0.0106
-0.4869
-0.8611
0.4448
0.5117
0.5390
0.1670
0.6294
0.1052
-0.2748
0.7765
0.7949
-0.7002
0.9150
-0.2582
-0.5702
-0.7853
-0.3538
0.1573
-0.3600
0.5871
-0.8078
0.6467
-0.0918
-0.8726
0.6472
0.5322
-0.8743
0.9743
0.6437
0.6886
0.9226
-0.6645
-0.7624
-0.4332
0.6392
-0.7158
0.7046
-0.2815
-0.1772
0.3629
0.3507
0.8000
0.1181
0.5833
0.4058
-0.1287
0.2661
-0.9561
0.4838

0.5608
0.4142
-0.2066
0.9710
0.8253
0.5358
-0.0482
0.7165
0.8764
-0.2343
-0.6033
-0.2719
0.8431
0.0196
0.4961
0.7438
0.0698
-0.2945
0.1594
-0.6734
0.7449
0.4830
-0.1699
0.1128
-0.1654
-0.4558
0.5898
0.8319
0.6165
0.8572
0.4259
-0.3538
-0.3845
-0.9041
0.5871
0.0289
-0.1798
0.0855
-0.8726
0.7104
-0.9156
0.9030
0.3366
0.5284
0.6886
0.9226
-0.6645
0.7324
-0.4332
0.6392
0.3244
0.7046
0.5514
-0.1772
0.3629
0.0509
0.8000
-0.2459
0.6589
0.1539
-0.5270
0.5769
0.4006
0.6076

0.5608
0.4142
-0.5937
-0.4299
0.8253
0.5358
0.8049
0.7165
0.5236
-0.0258
-0.6033
-0.2719
0.8431
-0.9029
-0.3859
0.8743
0.0698
-0.0735
0.5117
0.5178
0.7449
0.6294
-0.1699
0.1063
0.5704
-0.4913
-0.2854
0.5288
0.6165
-0.4472
0.4259
0.8544
-0.0591
-0.3600
-0.9012
0.8609
0.6467
-0.0918
-0.8726
0.7104
-0.5238
-0.3925
-0.6479
0.0559
0.6886
0.7347
-0.0217
0.7324
-0.4332
0.5804
-0.7158
0.7046
0.5514
0.7288
0.3629
-0.0535
0.8000
-0.5949
-0.4288
-0.3939
-0.5270
-0.6104
-0.4485
0.6076

0.0796
0.4142
-0.5937
-0.5566
0.4046
0.5358
0.2695
0.7165
0.8764
-0.6859
-0.7654
-0.2719
-0.9121
-0.9029
-0.3859
-0.4869
-0.8611
-0.2945
0.5117
-0.9601
0.1670
0.7607
-0.2511
0.1565
0.6891
-0.4558
-0.7002
0.5288
0.7133
-0.6861
0.3384
0.8544
-0.2530
-0.2903
0.7805
0.8609
0.6467
-0.0918
-0.8726
0.7104
-0.9608
-0.3925
-0.6479
-0.5021
-0.9005
0.9226
-0.2095
0.7324
-0.0685
0.5804
0.6874
0.0480
-0.2815
-0.1772
0.3629
0.7076
0.0286
-0.7834
0.6589
0.1539
-0.5270
-0.6104
-0.8467
0.5800

0.0796
0.3226
0.9260
0.9710
0.3553
0.5358
-0.2673
0.7165
-0.9543
-0.6859
-0.6033
-0.2719
-0.9121
0.6948
-0.3859
0.7438
-0.8611
0.2972
0.5117
0.5178
0.7449
0.4830
0.1052
0.3716
-0.8200
0.7949
0.1677
0.9150
0.6165
-0.5765
0.3384
-0.3538
0.1573
-0.3600
-0.9012
-0.8078
0.6467
0.4210
-0.6446
0.6472
-0.5238
-0.3925
-0.4268
-0.5021
0.4233
0.9226
-0.6645
0.7324
-0.4332
0.6392
-0.1919
0.7046
0.4332
-0.1772
-0.7829
-0.3656
-0.5407
0.1686
-0.0277
0.4058
-0.5270
-0.8260
-0.9561
0.4162

0.0796
0.8009
0.9260
-0.5566
-0.7282
0.1575
-0.2673
0.7165
0.8764
-0.0258
-0.1516
-0.2719
-0.9121
0.6587
-0.3859
0.8743
0.0047
0.7869
0.3816
0.5390
0.1670
0.4830
-0.1699
-0.2748
0.5704
0.7949
-0.7002
0.5288
0.6165
-0.6861
0.3384
-0.3538
0.1573
-0.3600
-0.9012
-0.8078
0.6861
-0.0739
0.1784
0.0994
0.5823
0.9120
0.3366
0.5284
0.4233
0.4958
0.5310
0.7324
-0.4332
0.5804
0.4168
0.7046
0.5514
-0.1772
0.0795
-0.3656
0.8000
0.1373
-0.7112
0.9742
-0.5270
0.5769
-0.9561
-0.0376

-0.7677
0.3226
-0.5937
0.9710
-0.7282
0.5358
0.2695
0.1334
-0.9543
-0.5211
-0.9954
0.6652
-0.9121
-0.9029
-0.3859
0.7438
-0.8611
0.4448
0.5117
0.5178
0.1670
0.6294
-0.1699
0.1565
0.9038
0.7949
0.5898
0.5288
0.6165
-0.5535
0.3384
-0.3538
0.1573
-0.2076
0.5871
0.8609
0.6467
-0.4869
-0.8726
-0.0485
0.7419
-0.3925
0.3366
-0.5021
0.6886
0.7347
-0.6645
-0.7624
-0.0685
0.6392
-0.0180
0.7046
-0.1739
-0.1772
0.3629
-0.3656
0.8000
0.1181
0.6589
0.3073
-0.3256
0.5769
-0.8467
0.5800

0.5608
0.7733
-0.5937
0.9710
0.5232
0.6065
-0.2673
0.7165
0.8764
-0.8278
-0.6033
-0.2719
0.8431
-0.9029
-0.3859
-0.4869
-0.8611
-0.1340
0.1594
0.6515
0.1670
0.6294
0.2846
0.1565
0.5704
-0.4913
-0.7002
0.6541
0.4271
-0.1247
-0.2846
0.8544
-0.0591
0.9562
-0.9012
0.0101
0.6467
-0.0918
0.0987
-0.0285
-0.9156
-0.1276
-0.4268
0.0559
0.4233
0.9226
-0.6645
-0.7624
-0.4332
-0.6894
0.3244
0.7046
-0.2815
-0.1772
0.3629
-0.3656
0.8000
0.1373
-0.7112
0.9742
-0.5270
-0.6104
-0.9561
-0.0376

0.0796
0.4142
0.9260
0.9710
0.8166
0.5358
-0.2673
0.7165
-0.2040
-0.0258
-0.9954
0.4471
-0.9121
-0.9029
-0.0106
-0.4869
-0.0029
0.0250
0.5117
-0.9601
0.7449
0.8702
0.1052
-0.2748
0.6657
-0.4144
-0.8749
-0.1721
0.6165
-0.5535
0.3384
-0.3538
-0.0591
-0.5810
-0.9012
0.0289
0.6467
-0.0918
-0.6446
0.7104
-0.5238
0.4160
-0.6479
0.6437
0.8196
0.1666
-0.6645
-0.7624
-0.0685
0.5804
0.6874
-0.4096
-0.2815
-0.1772
0.3629
-0.2311
0.8000
0.8483
0.6589
0.3073
0.0054
-0.6104
-0.8467
0.5800

0.0796
0.4142
-0.5937
0.9710
0.4046
0.7555
-0.2673
0.7165
0.5236
-0.6859
-0.6033
-0.2719
0.8431
0.1313
0.4961
-0.4869
-0.8611
0.3054
0.1594
0.5178
0.7449
-0.4321
-0.1699
-0.2748
0.5704
-0.4558
-0.2748
0.6541
-0.6320
0.0936
-0.7853
0.8544
0.1573
-0.3600
0.5871
-0.8078
-0.8947
0.0855
0.1784
0.7104
-0.9156
-0.7523
0.0132
-0.5021
0.6886
0.9226
-0.0217
-0.7624
-0.6775
0.5804
-0.0180
0.7046
-0.2815
0.0512
0.3629
-0.3656
0.8000
-0.0323
0.1457
0.4058
-0.3256
-0.8260
-0.8467
-0.6729

-0.0261
0.5197
-0.7456
-0.5566
0.4046
0.5358
-0.9006
0.1334
0.6479
-0.0258
-0.6033
-0.2719
-0.9121
-0.9029
-0.7442
-0.4869
-0.8611
0.1279
0.3816
0.5390
0.7449
0.6294
-0.1699
0.1565
0.5704
0.5474
0.1677
0.6541
0.6165
-0.6861
0.3384
-0.3538
-0.0591
-0.5810
0.5871
0.8609
0.6467
-0.0918
-0.4231
-0.0485
-0.9156
-0.1276
0.6826
0.0559
0.4233
0.4958
0.5310
0.1346
-0.6888
0.6392
-0.3392
0.7046
0.4332
0.7288
0.0158
-0.3656
0.8000
0.5167
0.6589
0.1539
-0.3256
0.2661
-0.8467
-0.0376

-0.0261
0.4142
-0.5037
-0.4202
-0.8069
0.5358
-0.2673
-0.4044
-0.9543
-0.0258
0.8443
-0.2719
-0.9121
0.6948
0.4961
-0.3724
-0.8611
0.1279
0.5117
0.6515
0.7449
0.6294
0.1052
0.1565
0.5704
-0.4558
-0.2748
0.5288
0.4271
-0.2878
0.3384
0.8544
-0.0591
-0.9041
0.5871
-0.8078
0.6595
-0.4869
0.3797
0.7104
-0.5238
-0.3680
0.3366
0.6437
0.6886
-0.8194
0.5310
0.7324
-0.0685
0.6392
0.6874
0.7046
-0.2815
-0.1772
0.3629
-0.3656
0.8000
0.1181
0.1906
0.9742
-0.5270
0.5769
-0.9561
-0.0376

0.0796
0.4142
0.9260
0.0971
-0.7282
0.5358
0.4665
-0.4044
0.5236
-0.0258
-0.6033
-0.2719
-0.0096
0.6948
-0.0106
-0.2724
0.2397
0.4448
0.1594
0.5178
0.3598
0.6294
-0.2511
0.8496
0.9038
0.7949
0.1677
0.5288
0.6165
-0.5702
0.3384
-0.3538
-0.0591
0.0034
0.5871
-0.8078
0.2731
0.4210
0.1784
0.6472
0.7419
0.1326
0.3366
-0.5021
0.6886
0.4958
-0.6645
-0.7624
-0.4332
0.5804
-0.9994
0.7046
-0.2815
0.7050
-0.9929
-0.3656
0.8000
0.5167
0.0550
0.1539
-0.5270
-0.8260
-0.8467
-0.0376

0.0796
0.3226
0.9260
0.9710
0.4046
0.7555
-0.2673
0.7165
0.8764
-0.0258
-0.6033
0.4471
-0.9121
-0.9029
-0.7442
-0.5097
0.0698
0.9007
0.5117
-0.9601
0.7449
0.6294
-0.1699
0.8496
0.5704
-0.4558
-0.2748
0.5288
0.6165
-0.4472
0.3384
-0.3538
0.1573
-0.2076
-0.9012
-0.8078
-0.1798
-0.4869
-0.8726
0.7104
-0.9156
0.9030
-0.4268
0.6437
0.6886
0.9226
0.5310
0.7324
-0.6888
0.6392
0.6874
0.7046
0.4332
-0.1772
0.3629
-0.3656
0.8000
-0.7834
0.0550
0.4058
-0.5270
-0.8260
-0.8467
0.4838

0.0796
0.4142
-0.5937
0.9710
-0.7282
0.5358
-0.2673
-0.4044
-0.9543
-0.6859
-0.6033
-0.2719
0.8431
0.6587
-0.3859
0.8743
-0.8611
-0.1340
0.5117
0.5390
0.1670
0.6294
-0.1699
0.1565
0.7765
0.7949
0.1677
-0.1721
0.6165
-0.4472
0.3384
-0.3538
-0.0591
-0.1399
-0.9012
0.8609
0.2731
0.4210
0.1784
0.6472
-0.9608
0.1326
0.0132
-0.5021
0.6886
0.9226
-0.6645
-0.6010
-0.6775
-0.1461
-0.4828
0.7046
0.5514
-0.1772
0.3629
-0.3656
-0.4830
0.1181
-0.0277
0.1539
-0.5270
-0.6104
-0.9561
0.5800

0.0796
0.4142
0.9260
0.9710
0.8253
0.7555
-0.2673
0.7165
-0.4155
-0.0258
-0.9954
-0.2348
0.8431
0.6593
0.4961
-0.1185
-0.8611
0.1279
-0.2013
0.5390
0.7449
0.7607
-0.2511
0.1565
0.0974
-0.4558
-0.2854
0.5288
-0.2582
-0.6346
-0.2846
0.8544
-0.0591
0.8037
-0.9012
0.7267
-0.8947
0.4210
-0.8726
0.7104
-0.9156
-0.8743
0.3366
-0.5021
0.6886
0.4958
-0.0217
-0.7829
-0.0685
0.6392
0.3244
0.7046
0.2502
-0.1772
0.3629
0.8037
0.8000
0.1686
0.0550
0.9742
-0.5270
-0.6104
0.6356
0.5800

0.0796
0.4142
-0.5937
0.9710
0.5232
0.5358
-0.2673
0.7165
0.8764
-0.0258
-0.6033
-0.0089
0.8431
-0.9029
-0.0106
0.8743
-0.8611
-0.0735
0.0943
-0.6734
-0.8550
0.6294
0.0827
0.1128
0.9038
-0.4558
-0.2748
0.5288
0.4271
-0.6861
0.9121
-0.3538
0.1573
-0.8970
0.7805
0.8609
-0.8947
-0.0918
0.0987
0.7104
0.3298
0.6539
-0.6479
0.6437
0.6886
0.4958
-0.6645
-0.7624
-0.0685
0.6392
0.3262
0.7046
0.2351
-0.1772
0.0158
0.3507
0.8000
-0.0323
0.2980
0.9742
-0.5270
0.2661
-0.9561
-0.0376

0.5608
0.4142
-0.5937
-0.8023
0.8253
0.7555
0.8049
0.7165
0.2797
-0.0258
-0.6033
-0.2719
0.8431
0.6948
-0.3859
-0.4869
0.0698
-0.0277
0.1594
0.6515
0.7449
0.4830
0.1052
-0.2748
0.5704
-0.4558
-0.2854
0.5288
-0.7435
-0.5702
0.4259
0.8544
-0.0591
0.8466
-0.9012
0.8609
0.6467
-0.0918
0.9264
0.7104
0.5322
-0.9328
-0.4268
0.0559
0.6886
0.4958
-0.6645
-0.5628
-0.0685
0.6392
-0.0180
0.7046
0.4332
-0.5228
0.0158
-0.0535
0.8000
-0.0323
-0.7112
0.4058
-0.5270
0.5769
0.4006
-0.7251

0.0796
0.4142
-0.5037
0.0971
0.8166
0.5358
0.2695
0.1334
0.5236
-0.0258
-0.9954
-0.2719
0.0169
-0.9029
-0.3859
-0.5097
0.2397
-0.1340
0.1594
-0.7386
0.7449
0.6294
0.1052
-0.2748
0.5704
0.5474
0.1677
0.9150
-0.7402
-0.4472
0.4259
-0.3538
-0.2682
0.9562
-0.9012
0.8609
0.6595
-0.0918
-0.6446
0.7104
-0.9156
0.6539
-0.6479
-0.5021
-0.4854
0.4958
-0.0217
0.1346
-0.4332
0.6104
0.8868
0.5905
-0.2815
-0.1772
0.3629
-0.3656
-0.5407
-0.2335
0.6155
0.3073
-0.5510
-0.6104
-0.9561
0.4796

-0.4655
0.3226
-0.5937
-0.5566
0.4046
0.5358
-0.2673
0.7165
0.8764
-0.6859
-0.1516
-0.2719
0.3237
-0.9029
-0.3859
0.8743
0.0698
0.1279
0.5117
-0.6734
0.9557
-0.2438
-0.1699
-0.2748
0.9038
-0.4558
-0.7002
0.5288
-0.7435
0.7087
0.3384
-0.7816
-0.5622
-0.9041
-0.9012
0.8609
0.6467
-0.0918
0.5042
-0.0485
0.4264
-0.1276
0.0132
-0.5021
0.6886
0.4958
-0.6645
-0.7624
-0.4332
0.6392
0.6874
0.7046
0.0022
-0.1772
0.3629
-0.3656
0.8000
-0.2459
0.6589
0.1539
-0.3256
-0.6104
-0.4485
-0.0376

0.0796
0.4142
-0.5937
0.9710
-0.3375
0.5358
-0.2673
0.7165
-0.9543
-0.6859
-0.6033
-0.2719
0.8431
0.9597
-0.0106
0.8743
-0.8611
-0.0735
0.5117
0.5390
0.1670
0.6294
0.1052
0.3716
-0.6578
0.5474
0.1677
0.9150
0.4271
-0.4407
0.3384
-0.3538
0.1573
0.0488
0.7805
-0.8078
0.6467
-0.0918
0.1784
0.7104
0.3852
-0.1276
0.0132
-0.5021
0.6886
0.4958
-0.6645
0.7324
-0.4332
0.6392
-0.7158
0.6825
0.4332
-0.1772
0.0158
-0.3656
0.8000
0.5167
0.6765
0.1539
0.3390
-0.6104
-0.9561
0.4796

0.0796
0.3226
-0.5937
0.9710
0.4046
0.5358
-0.2673
0.7165
0.5236
-0.0258
-0.9954
-0.7283
0.8431
0.6948
0.3184
0.8743
-0.8611
-0.1340
0.5117
-0.6734
0.1670
0.6294
-0.1699
-0.9222
-0.6578
0.5474
0.5898
0.9150
0.7133
-0.5765
0.3384
0.8544
0.1573
-0.9041
-0.9012
0.8609
0.2731
-0.0918
-0.6446
-0.0485
-0.9156
0.9120
-0.6479
0.6437
0.6886
0.9226
-0.6645
0.7324
-0.0685
0.6392
0.3244
0.5905
-0.2815
-0.1772
0.6770
-0.3656
0.8000
0.1373
0.6589
0.9742
0.9032
0.2661
-0.8467
0.4838

0.0796
-0.2319
-0.5937
-0.7319
-0.7282
0.5358
0.8049
0.1334
0.0964
-0.6859
-0.6033
-0.2719
0.0493
-0.9029
-0.3859
0.7438
-0.9401
0.1279
0.9083
0.5390
0.7914
0.6294
0.1052
-0.2748
0.5704
-0.4558
0.8448
0.9150
-0.7435
-0.5702
0.1519
0.8544
0.1573
-0.3600
-0.9012
0.7267
-0.8947
-0.0918
0.7155
0.7104
-0.9156
0.6539
-0.4268
0.6437
0.6886
0.7347
-0.6645
0.7324
-0.0685
0.6392
-0.7158
0.7046
-0.2815
-0.1772
0.3629
-0.3656
-0.4830
-0.2863
0.6589
0.4058
-0.5270
0.8399
-0.9561
-0.7251

0.5514
0.5625
0.6515
0.1441
-0.8443
-0.8429
-0.3889
-0.3858
-0.0358
0.4796
-0.7183
-0.0527
0.0720
0.2235
0.5484
0.3366
0.7927
-0.4222
-0.3650
-0.4324
0.3385
-0.9090
-0.9336
0.8439
-0.3566
0.9260
0.1711
0.8381
-0.2988
-0.6581
0.7487
-0.8641
-0.4428
0.1315
0.5905
0.1340
-0.4451
0.8499
0.9575
0.9483
0.9669
0.3211
0.2786
-0.2696
-0.1628
-0.4161
-0.7340
0.1455
0.0658
0.2977
0.6801
0.3553
-0.6473
0.3462
-0.8307
0.8764
0.4160
0.1905
0.8027
-0.9782
0.4476
-0.7442
-0.8537
-0.5783

0.7398
-0.5589
0.4365
0.1441
-0.2985
-0.4329
0.1128
-0.3858
-0.4749
0.4796
0.0891
0.6599
0.3018
0.8209
0.5484
0.1520
0.5917
0.8340
-0.9006
-0.4324
-0.8244
0.5698
-0.7345
-0.6575
0.3100
0.6488
0.1711
-0.0232
0.9346
0.7644
-0.6197
-0.8641
-0.4428
0.1315
0.4962
0.3672
0.6356
0.8499
-0.7677
0.9483
0.9669
0.3211
0.2786
-0.2696
-0.1628
-0.4161
-0.1719
0.8292
-0.6432
0.5585
-0.1374
0.5517
-0.0599
0.6511
-0.8307
0.6557
0.4160
0.2381
0.2763
0.8702
-0.5240
-0.0535
-0.8537
-0.1422

0.7398
0.5625
0.4365
0.2779
-0.2985
-0.6472
-0.6092
0.4325
-0.9399
-0.6389
0.0891
0.9416
-0.8961
0.2235
-0.5238
-0.3680
0.6178
-0.4222
-0.3650
-0.9863
-0.8244
0.4623
-0.9336
-0.2349
-0.3566
0.9866
-0.1503
-0.0232
0.2303
0.1195
0.7487
-0.8641
-0.4428
-0.4418
0.4962
0.2574
-0.4451
0.8499
-0.6547
-0.5407
0.9669
0.7362
0.2786
0.6597
-0.1628
-0.4161
-0.2040
-0.5334
0.4310
0.2977
0.6801
-0.5685
-0.7902
0.6511
-0.8307
0.8764
0.4160
0.2381
0.3863
-0.8839
0.4476
-0.1106
-0.8537
-0.5783

0.7398
0.5625
0.1840
0.1441
-0.2985
-0.6472
0.1128
0.4325
-0.4741
0.4796
0.1088
-0.0527
-0.7496
-0.3817
0.5632
0.3366
0.5917
-0.4222
-0.3650
-0.0039
-0.8244
0.1846
-0.7345
-0.2349
-0.3566
0.6488
0.1711
-0.0232
0.9346
0.1195
0.7487
-0.8641
-0.4428
0.1315
0.4962
0.1340
-0.5374
0.7644
0.9575
0.9483
0.8664
-0.3270
0.2786
-0.2696
0.1353
-0.4161
-0.2040
0.7169
-0.6432
0.5585
0.6801
0.6912
-0.8649
-0.2449
-0.8307
-0.2040
0.4160
0.2381
0.5353
-0.8839
0.4395
-0.1106
-0.8537
-0.3626

0.2573
0.5625
-0.8577
0.1441
0.3658
-0.1069
-0.3889
-0.3858
-0.4749
0.4796
-0.7183
-0.0527
-0.1647
0.2235
-0.3600
0.1520
0.5917
0.8340
-0.3650
-0.4324
0.1576
-0.9090
-0.7345
0.8439
-0.3566
0.6510
0.1711
-0.4489
0.9346
0.1195
0.7487
-0.8641
-0.4428
0.1315
0.5905
0.2574
-0.5374
-0.3121
-0.6547
0.9483
0.8664
0.3211
0.2786
0.6597
-0.1628
-0.4161
-0.2040
-0.5334
0.0599
-0.3013
0.7865
0.6912
-0.5551
0.6511
-0.8307
0.8764
0.4160
0.2381
0.2545
0.7809
0.4395
0.6104
-0.8537
-0.3626

0.5145
0.5625
-0.5943
0.1441
-0.2985
-0.6472
-0.3889
0.4325
0.3210
0.4796
0.1088
-0.8576
-0.7496
0.2235
0.5484
0.3366
0.1334
-0.4222
-0.9006
0.6995
0.2849
-0.5029
-0.7345
-0.6575
0.3100
0.6510
0.1711
-0.6772
-0.3666
0.1195
0.1243
-0.2896
-0.4428
0.0869
0.5905
0.3672
-0.4451
-0.8362
0.9575
0.9483
0.9669
0.3211
0.2786
-0.6200
-0.3160
-0.4161
-0.2040
0.1455
0.3631
0.2977
0.9332
0.6912
-0.0460
0.3462
-0.8307
-0.2040
0.4160
0.2381
0.5353
-0.9528
-0.0097
-0.1106
-0.8537
-0.3626

0.7398
0.0917
-0.5943
0.3774
-0.2985
-0.1069
-0.3889
0.4325
0.8860
0.4796
0.0891
-0.0527
-0.7496
0.8209
-0.1292
0.1520
0.5917
-0.4222
-0.3650
-0.4324
-0.8244
0.1846
-0.7345
-0.8083
-0.3566
0.6488
0.1711
-0.0232
0.9346
0.9965
0.7487
-0.8641
-0.4428
0.1315
0.4962
0.6860
0.0311
0.7644
0.9575
0.9150
-0.2066
-0.3270
0.2786
0.6597
-0.1628
-0.4161
-0.7340
0.1798
0.3631
-0.0190
0.9332
0.6912
-0.0460
0.3462
-0.8307
0.8764
0.4160
0.2381
0.5353
0.7757
-0.0097
-0.1106
-0.8537
0.7699

-0.1011
0.5625
-0.2448
0.3598
-0.8443
-0.6472
-0.6092
-0.3858
-0.0358
0.4796
-0.7183
0.9416
-0.5797
0.2235
-0.3600
0.3366
0.5917
0.5284
-0.3650
-0.4324
-0.8244
-0.9090
-0.9336
-0.7381
-0.3566
0.3837
0.1711
-0.0232
0.9346
0.7674
0.7487
-0.8641
-0.4428
0.1315
0.4962
0.1340
-0.4451
0.7644
-0.6547
0.9483
0.9669
0.3211
0.2786
-0.2696
-0.1628
-0.4161
-0.2040
0.1455
0.0069
0.7800
-0.7656
0.6912
-0.0460
0.3462
-0.8307
0.8764
0.4160
0.2381
0.3863
0.8702
0.4395
-0.1106
-0.8537
-0.8147

0.7398
0.1420
0.6515
-0.1528
-0.8443
0.7337
-0.6092
-0.3858
-0.4259
0.6591
0.0891
-0.0527
-0.7496
0.8209
-0.1292
0.3366
0.6178
0.8340
-0.3650
0.6995
-0.8244
-0.5029
-0.7345
0.8880
-0.3566
0.6510
0.1711
-0.0232
0.9346
0.3507
0.7487
-0.8641
0.6020
0.1315
-0.4109
0.6860
-0.5374
0.8499
-0.6458
-0.2319
0.8664
0.3211
0.2786
-0.6200
-0.3160
-0.4161
0.0678
0.7008
0.3631
0.2977
0.9332
0.6912
-0.0460
0.3462
-0.8307
-0.9041
0.5943
0.2381
0.2545
-0.1642
0.4476
-0.1106
-0.8537
-0.3626

0.7398
0.0917
0.1840
0.3598
-0.8443
-0.1069
-0.7872
-0.9335
-0.4749
0.6591
0.0891
-0.0527
-0.1647
0.0994
-0.3600
0.1520
0.9572
-0.4222
-0.9006
0.6995
-0.8244
-0.9090
-0.9336
0.7593
0.3100
-0.0932
0.1711
-0.0232
0.9346
0.1195
0.7487
-0.8641
-0.4428
-0.4418
0.5905
0.2574
-0.5374
0.8499
0.9575
-0.7892
-0.2066
0.3211
0.2786
0.6597
-0.1628
-0.4161
0.0678
-0.5334
0.0599
0.2977
0.9332
0.6912
-0.6473
0.3462
-0.8307
0.2307
0.4160
0.2381
0.3863
-0.8839
-0.0097
-0.1106
0.7868
-0.5783

0.7398
0.5625
-0.2448
-0.6600
-0.2985
-0.1069
-0.6092
-0.3858
-0.4749
0.6591
0.7233
-0.1628
-0.7496
0.2235
0.5484
0.1520
0.5917
-0.4222
-0.3650
-0.4324
-0.8244
-0.9090
-0.9336
-0.2349
-0.3566
0.3837
0.1711
-0.0232
0.9346
0.9965
0.7487
-0.3957
-0.4428
-0.4418
0.4962
0.6860
-0.4451
0.8499
-0.6547
-0.4040
-0.4277
-0.0591
0.2786
-0.6200
-0.4612
-0.4161
-0.7340
-0.5334
0.3631
0.2977
0.6801
0.6912
-0.0460
0.3462
-0.8307
0.8764
0.4160
0.1905
0.0550
-0.9528
0.4476
-0.1106
-0.8537
0.3692

0.7398
0.5625
0.1840
0.1441
-0.2985
-0.1069
-0.7872
0.4325
0.1647
0.6591
-0.7183
0.9743
0.3018
-0.3817
-0.3600
0.3366
0.5917
-0.4222
-0.9006
0.6995
-0.5511
-0.9090
-0.7345
-0.6575
-0.3566
0.6510
0.1711
-0.4489
0.6829
-0.1287
0.7487
-0.8641
-0.4428
0.1315
0.4962
0.8695
-0.5374
0.8499
-0.6458
0.9483
0.0159
-0.8023
-0.8069
0.6597
0.1353
-0.4161
-0.7340
0.7169
0.3631
0.2977
0.6801
0.1300
-0.0460
0.3462
-0.8307
0.8764
0.4160
0.2381
0.3863
0.1123
0.4476
0.6104
-0.8537
-0.5783

-0.8749
-0.3845
0.4365
0.1441
-0.8443
0.7337
-0.3889
0.4325
-0.0358
0.4796
0.0891
-0.0527
-0.5797
0.2235
-0.1292
0.1520
0.6178
-0.4222
-0.3650
-0.4324
-0.8244
-0.5029
0.5779
0.7593
0.0509
0.4035
0.1711
-0.0232
0.9346
0.7674
0.7487
-0.8641
-0.4428
-0.4418
0.4962
-0.0519
-0.4451
0.7644
0.9575
-0.4040
0.9669
0.3211
-0.0874
-0.2696
-0.1628
-0.4161
0.2483
-0.3623
-0.6432
-0.3013
0.9332
-0.5685
0.1297
0.3462
-0.8307
0.8764
0.4160
0.2381
0.3863
-0.8839
-0.5240
0.6104
-0.8537
-0.5783

0.5514
0.5625
0.4365
-0.1528
-0.2985
-0.6472
-0.3889
0.4325
-0.0358
0.6591
0.0891
-0.0527
-0.1647
0.8209
-0.1292
0.3366
0.5917
-0.4222
-0.9006
-0.4324
-0.7830
-0.9090
-0.9336
-0.2349
-0.3566
0.6510
-0.5949
-0.0232
-0.3939
0.9965
0.7487
-0.8641
-0.4428
0.1315
0.4962
0.3672
-0.8744
-0.3121
-0.6547
-0.5407
0.8664
0.3211
-0.2343
-0.2696
-0.1628
-0.4161
0.0196
-0.3623
0.0069
0.5585
0.9332
-0.5685
-0.6473
0.3462
-0.8307
-0.2040
0.4160
-0.1654
0.5353
-0.8839
0.8319
-0.1106
0.8572
-0.1422

-0.8749
-0.2530
0.4365
-0.8835
-0.2985
-0.1069
-0.6092
-0.9335
-0.0358
0.4796
0.6595
-0.0527
-0.7496
0.8758
-0.6229
0.3366
0.6178
0.8340
-0.3650
-0.4324
-0.8244
0.8255
-0.7345
0.7593
-0.3566
0.0286
-0.1503
-0.0232
0.9346
0.1195
0.7487
-0.8641
-0.4428
0.1315
0.4962
0.3672
-0.5374
0.8499
-0.6458
0.9483
0.6019
0.3211
0.9215
-0.0288
0.5871
-0.4161
-0.7340
0.9430
0.3631
0.5585
0.6801
0.6912
-0.0460
0.3462
-0.8307
0.2307
0.1063
0.2381
0.3863
-0.1642
-0.0097
-0.1106
0.8785
-0.5783

0.7398
0.5625
0.1840
-0.8835
-0.2985
-0.4329
0.1128
-0.3858
0.8860
0.4796
-0.7183
-0.0527
0.0987
0.2235
-0.1292
0.9120
0.5917
-0.4222
-0.3650
0.2284
-0.5511
-0.5029
-0.7345
-0.7829
0.3100
0.6488
0.1711
-0.0232
0.9346
0.1195
0.8574
-0.8641
0.4162
0.1315
0.4962
0.3672
-0.4451
-0.3121
-0.6547
0.9483
0.9669
0.3211
0.2786
-0.7654
-0.1628
-0.4161
-0.2040
-0.1091
0.3631
0.5585
-0.2335
0.6912
-0.0460
0.3462
-0.8307
0.8764
0.4160
0.6891
0.2545
-0.8839
0.4476
-0.7442
-0.8537
-0.1422

0.7398
0.0917
0.4365
0.3774
-0.2985
-0.6472
-0.0739
-0.3858
-0.0358
0.4796
0.0891
0.9416
-0.1647
0.2235
-0.3600
0.1520
0.5917
-0.4222
-0.3650
0.4168
0.1576
-0.5029
-0.7345
0.0795
0.5158
0.6488
0.1711
-0.0232
-0.0146
0.1195
-0.5346
-0.8641
-0.4428
-0.4418
0.4962
0.3672
-0.4451
-0.2278
-0.6547
0.9483
-0.2066
0.3211
0.2786
-0.0288
-0.3160
-0.4161
-0.2040
-0.5334
0.3631
0.5585
0.2972
0.3553
-0.6473
0.3462
-0.8307
0.8764
0.4160
0.2381
0.3863
-0.1642
-0.5240
-0.1106
0.7868
0.7699

0.7398
0.5625
0.4365
0.1441
-0.8443
-0.1069
-0.6092
-0.3858
-0.0358
0.6591
-0.7183
-0.0527
-0.1647
0.2235
-0.6229
0.1520
0.5917
-0.4222
-0.3650
-0.4324
-0.8244
-0.1739
-0.9336
0.7593
0.3100
0.6510
0.1711
-0.0232
0.6829
0.9965
0.7487
-0.8641
-0.4428
-0.4418
0.5905
0.3672
-0.4451
-0.2839
0.1575
0.9483
0.9669
-0.3270
0.9215
-0.2696
-0.1628
-0.4161
0.0678
-0.5334
0.3631
0.2977
-0.2335
0.6912
-0.0460
0.3462
-0.8307
0.2307
0.4160
0.2381
0.2763
0.7757
-0.0097
0.6104
-0.8537
-0.3626

0.5178
0.0917
0.1840
-0.8835
0.0101
-0.1069
-0.3889
0.4325
-0.0285
0.4796
-0.7183
-0.0527
-0.7496
-0.3817
0.5595
0.1520
0.5917
0.8340
-0.9006
0.6995
-0.7830
-0.9090
-0.9336
-0.6575
-0.3566
0.9260
0.1711
-0.0232
0.9346
0.9965
0.7487
-0.3957
-0.4428
0.1315
0.5905
0.3672
-0.4451
-0.2278
0.1315
0.9150
-0.2066
-0.0591
-0.6562
-0.2696
-0.5124
-0.4161
-0.2040
-0.5334
0.0069
0.5585
-0.2335
0.6912
-0.0460
0.3462
-0.8307
0.6557
0.4160
0.2381
0.5353
-0.9528
-0.5240
0.6104
-0.8537
-0.8147

0.5178
0.5625
0.1840
0.3774
-0.2985
-0.1069
-0.7872
-0.9335
-0.4749
-0.6389
0.0891
0.6599
-0.7496
0.8196
0.1666
-0.1198
0.5917
-0.4222
-0.9006
0.6995
-0.8244
-0.9090
0.6558
-0.8083
-0.2311
0.6510
0.1711
-0.0232
0.6829
0.0054
0.7487
-0.8641
-0.4428
-0.4418
0.4962
0.2574
-0.5374
0.8499
-0.6547
0.9483
0.9669
-0.8023
-0.8278
-0.2696
-0.1628
-0.4161
0.0678
0.4290
0.3631
0.2977
0.6801
0.6912
-0.0460
0.3462
-0.8307
0.4104
0.1226
0.2381
0.2545
-0.1642
0.4395
-0.7442
-0.1247
-0.5783

-0.8749
0.5625
-0.5943
0.3774
-0.2985
-0.8429
-0.6092
-0.3858
-0.0358
0.6591
-0.7523
-0.0527
-0.7496
0.2235
-0.6229
0.3366
0.5917
0.8340
-0.3650
0.6995
-0.8244
0.1846
0.0512
0.7593
-0.3566
0.6510
0.1711
-0.6772
0.9346
0.9965
-0.5346
-0.8641
-0.6729
0.1315
0.4962
0.8695
0.0311
0.8499
-0.6547
-0.2319
0.9669
0.3211
0.2786
-0.2696
-0.7811
-0.4161
-0.2040
0.5764
0.0069
0.2977
0.0250
0.6912
-0.0460
0.3462
-0.8307
0.8764
0.4160
0.2381
-0.4144
-0.8839
-0.5240
0.6104
-0.8537
-0.5783

0.7398
0.5625
0.4365
0.3774
-0.2985
-0.6472
0.1128
-0.4231
-0.0358
-0.9470
0.0891
-0.0527
-0.7496
-0.3817
0.5595
0.1520
0.1334
-0.4222
-0.9006
-0.3392
-0.8244
0.8255
0.6558
0.7593
0.5158
0.6510
0.1711
-0.0232
0.9346
0.3507
0.7487
-0.8641
-0.4428
0.1315
0.4962
0.1340
-0.4451
-0.2839
0.9575
0.9483
0.9669
0.3211
0.2786
0.6597
-0.1628
-0.4161
0.1313
0.5764
0.0069
0.6652
0.3054
0.6912
-0.0460
0.3462
-0.4321
0.2307
0.4160
0.2381
0.3863
-0.1642
0.4395
-0.6320
0.0936
-0.8147

0.7398
0.5625
0.6515
0.3774
-0.2985
-0.6472
-0.6092
0.3797
-0.9399
0.4796
0.0891
-0.0527
-0.5797
-0.3817
-0.8194
-0.3680
0.3652
-0.4222
-0.3650
0.6995
-0.8244
-0.5029
-0.7345
0.8880
-0.3566
0.6488
0.1711
0.1906
0.9346
-0.6581
0.7487
-0.8641
-0.4428
-0.4418
0.5197
0.3672
-0.4451
0.8499
0.9575
-0.5407
0.8664
0.3211
0.2786
0.6597
-0.1628
-0.4161
-0.2040
0.9430
0.0069
0.5585
0.6801
-0.5685
0.1297
-0.1185
-0.8307
0.8764
-0.2013
0.2381
0.3863
0.7757
-0.5240
0.6104
-0.8537
-0.3626

0.5514
0.5625
0.0034
0.3774
-0.8443
-0.6472
-0.3889
0.4325
0.1647
0.4796
-0.7183
-0.0527
-0.1647
0.8758
0.5484
0.1520
0.5917
-0.4222
-0.3650
0.6995
-0.8244
-0.5029
0.7050
-0.9929
-0.3566
0.6510
0.1711
-0.0232
0.9346
0.1195
0.7487
-0.8641
-0.4428
-0.8049
-0.0062
0.3672
-0.5374
0.8499
-0.7677
0.9483
0.6019
0.3211
0.2786
0.8443
0.5871
-0.4161
-0.7340
-0.5334
-0.3724
0.6652
0.6801
0.6912
-0.0460
0.3462
-0.8307
0.4104
0.4160
0.4188
0.3863
-0.8839
0.4476
0.6104
-0.2878
0.7699

0.7398
-0.5139
0.4365
-0.1528
-0.8443
-0.6472
-0.6092
0.4325
0.8860
0.4796
-0.7183
-0.0527
0.0987
0.8209
-0.1292
0.1520
0.6178
-0.4222
-0.3650
-0.4324
0.3385
-0.5029
-0.9336
-0.7416
0.3100
0.6510
0.1711
-0.0232
0.6829
0.9965
0.7487
-0.8641
-0.4428
0.1315
0.4962
0.3672
-0.5374
-0.2278
-0.6547
0.4665
0.8664
-0.8023
0.2786
-0.2696
-0.1628
-0.0096
-0.2040
0.1455
-0.2724
0.5585
-0.2335
0.1426
-0.0460
0.3462
-0.8307
0.6557
0.1226
0.2381
0.3863
-0.2438
0.4476
-0.7442
-0.8537
-0.3626

0.7398
0.5625
-0.1399
0.3774
-0.8443
-0.1069
-0.6092
0.8466
-0.0358
0.6591
-0.7183
-0.8576
-0.7496
0.2235
-0.5238
0.3366
-0.6010
-0.4222
-0.3650
-0.4324
-0.8244
-0.5029
0.6558
0.7593
-0.3566
0.6510
0.1711
-0.0232
0.9346
0.1195
0.7487
-0.8641
-0.4428
0.1315
0.4962
0.3672
-0.8744
0.7644
-0.6547
0.9150
0.9669
0.4045
0.2786
-0.0288
-0.1628
-0.4161
0.0678
-0.5334
0.3631
0.7800
0.6801
0.6912
-0.0460
0.3462
-0.8307
0.2307
0.4160
0.2381
0.3863
0.5347
-0.5240
-0.1106
-0.8537
-0.3626

0.7398
0.0917
0.8037
0.3774
0.7607
0.7337
-0.6092
0.4325
0.8860
0.4796
0.0891
-0.8576
-0.7496
0.2235
-0.3600
0.9120
-0.7829
0.5284
-0.9006
0.2284
-0.8244
-0.5029
-0.7345
0.8439
-0.3566
0.6510
0.1711
-0.4489
0.9346
0.1195
0.6562
-0.2896
-0.4428
0.1315
0.4962
0.3672
-0.4451
0.8499
-0.6547
0.9483
0.9669
-0.0591
0.2786
0.6597
-0.1628
-0.4161
-0.7340
-0.5334
0.3631
0.7800
0.9332
0.1426
-0.0460
0.3462
-0.8307
-0.2040
0.4160
0.2381
0.5353
0.7757
0.4395
-0.1106
0.8785
-0.5783

0.5514
0.5625
-0.8970
0.3774
-0.8443
0.7337
-0.3889
0.8466
-0.4749
0.3298
0.0891
-0.0527
-0.1647
0.2235
0.5595
-0.3680
0.5917
-0.4222
-0.3650
0.6995
0.3385
0.2351
-0.7345
0.7593
-0.3566
0.9260
0.1711
0.2980
0.9346
0.1195
0.7487
-0.8641
-0.4428
0.1315
0.4962
0.6860
-0.4451
-0.2278
0.9575
0.9483
0.9669
-0.4155
0.2786
-0.1100
-0.3160
-0.4161
0.6593
-0.1091
0.3631
0.2977
0.6801
0.3553
0.1297
0.3462
-0.8307
-0.9041
0.4160
0.2381
0.5353
-0.1642
0.4476
-0.7442
-0.8537
-0.1422

0.7398
0.5625
0.6515
0.3774
-0.8443
-0.1069
-0.7872
0.9264
-0.4741
0.4796
-0.9328
-0.0527
0.3018
0.8758
-0.3600
0.3366
0.5917
-0.4222
-0.9006
-0.4324
-0.8244
-0.5029
-0.5228
-0.7416
0.3100
0.6510
0.1711
-0.0232
-0.3666
0.9965
0.7487
-0.8641
-0.4428
0.1315
0.4962
0.3672
-0.4451
0.1207
0.1315
-0.6796
0.9669
0.3211
0.2786
-0.2696
-0.0089
-0.4161
0.0678
-0.5334
0.0069
0.2977
0.9332
0.0943
-0.0460
-0.8550
-0.8307
0.0827
-0.2013
-0.6788
0.3863
-0.2438
-0.0097
0.6104
-0.8537
-0.1422

0.7398
0.5625
0.6515
-0.1528
-0.2985
-0.1069
0.7167
-0.3858
0.2946
0.6591
-0.7183
-0.0527
-0.5797
-0.4854
-0.3600
0.1520
0.5917
-0.4222
-0.9006
0.8868
-0.8244
-0.9090
-0.9336
0.8439
0.3100
0.6510
-0.2335
0.6155
0.9346
0.9965
0.7487
-0.8641
-0.4428
0.1315
0.4962
0.1340
0.0311
0.8499
-0.6547
0.9483
0.6019
0.3211
0.2786
0.2775
-0.7811
-0.4161
-0.7340
0.1455
0.0599
0.5585
-0.2335
0.6912
-0.0460
0.3462
-0.8307
-0.9041
0.1226
0.2381
0.3863
-0.8839
-0.0097
-0.1106
-0.8537
-0.3626

-0.2182
-0.2182
-0.8617
-0.8508
0.819
-0.9104
0.1731
-0.029
-0.7407
-0.6572
0.5453
-0.1493
0.7727
-0.888
-0.0999
-0.3033
0.5007
-0.6894
-0.0205
0.1744
-0.3081
0.3992
0.231
0.9828
-0.0205
0.3706
0.1723
0.819
-0.7605
0.1345
-0.2781
0.7645
-0.1659
0.0792
0.7108
-0.7407
0.7727
-0.8066
0.4843
0.0792
-0.6057
-0.0523
-0.8617
0.6699
-0.7164
-0.6894
-0.4782
0.3062
-0.0307
0.6021
0.7277
0.0155
0.9828
0.0731
-0.8589
0.1723
-0.0307
0.0535
-0.0523
-0.5769
0.1584
-0.7155
0.6021
-0.9104
-0.2182
0.9745
-0.0999
-0.7601
0.0155
0.3703
-0.6572
0.8572
-0.1247
-0.6572
-0.7154
-0.7824
-0.9829
-0.4852
-0.7601
-0.8617
-0.0636
-0.4782
-0.1305
0.1744
-0.3081
-0.8617
0.0792
-0.8617
0.0804
0.3706
0.1723
-0.9337
-0.7164
-0.2272
-0.9104
-0.7824
-0.029
0.0792
0.7108
0.1731
0.7727
-0.8066
-0.7116
0.0792
-0.6057
-0.2182
-0.8617
-0.0214
0.1744
0.0731
0.5108
0.6701
-0.3049
0.0535
0.7277
-0.774
0.736
0.9745
-0.6705
0.6994
0.5007
-0.0999
-0.0523
0.1731
-0.2182
-0.7116
-0.6057
0.1723
-0.2182
-0.2182
-0.8617
-0.3081
-0.1247
0.3703
-0.1363
0.8572
-0.1247
0.3706
0.5453
-0.7824
-0.9829
-0.888
-0.2648
-0.3033
0.5007
-0.6894
-0.613
0.1744
0.9504
0.3992
0.0792
0.9828
0.0804
-0.0344
0.1723
-0.0214
0.5007
-0.0636
-0.1305
-0.2182
-0.1659
0.5376
0.231
-0.7407
0.9745
-0.6894
0.5453
0.6701
0.3266
-0.2182
-0.8617
-0.0214
-0.7164
0.0731
-0.4782
-0.549
-0.3049
-0.888
0.6574
-0.9151
-0.2182
-0.1493
-0.7601
0.1584
0.5007
0.7108
-0.0523
0.736
-0.2182
0.0535
0.1723
-0.2648
-0.2182
-0.2182
-0.8617
-0.1659
0.819
-0.9104
-0.1363
-0.23
-0.1247
0.3706
0.5453
-0.7824
-0.9829
-0.888
-0.0999
-0.8617
0.5007
0.6518
0.8099
0.1744
-0.3081
-0.9337
0.5376
0.9828
-0.0205
0.3706
0.1723
0.8684
0.5007
0.1345
-0.9104
-0.2182
-0.029
-0.0344
0.7108
0.8684
0.9745
-0.8066
-0.2648
-0.8508
0.0804
-0.2182
0.4843
-0.0214
0.3706
0.0731
0.9828
-0.549
0.7727
-0.888
0.7277
0.5835
0.736
0.9745
-0.6705
0.1688
-0.0307
-0.7154
-0.0523
0.1584
-0.2182
0.8817
-0.6057
-0.2648
-0.2182
-0.2182
-0.8617
0.0151
-0.7601
0.231
0.5453
-0.7338
-0.1247
0.3706
0.5453
0.8686
0.459
-0.4852
0.5472
-0.9151
0.5007
-0.0344
0.3062
0.1744
0.9504
-0.6894
-0.7715
-0.3081
-0.9487
0.3706
0.1723
-0.9337
0.5007
-0.0636
-0.1305
-0.2182
-0.029
0.0792
0.231
0.8684
0.9745
-0.8066
-0.7116
0.0792
-0.2182
-0.0523
0.7856
0.6699
-0.7164
0.0731
-0.4782
0.5108
-0.077
0.6021
0.6574
-0.774
0.736
0.9745
-0.6705
0.1688
-0.0307
-0.9413
-0.0523
0.1584
-0.2182
0.0535
0.6021
0.6701
-0.2182
0.9745
-0.8617
-0.8508
0.819
0.231
-0.6572
0.8572
-0.1247
0.3706
0.7277
-0.7824
0.1584
0.546
0.5472
0.4068
-0.7407
-0.4782
0.3062
0.1744
-0.3081
-0.8617
0.231
0.9828
-0.0205
0.3706
0.1723
-0.0214
0.5007
-0.0636
-0.9104
-0.2182
0.4068
0.0792
0.231
-0.7407
0.7727
0.4843
-0.7116
0.0792
-0.2182
0.825
-0.8617
-0.1247
0.3706
-0.6572
0.3703
0.3062
-0.7116
0.6021
0.0151
-0.774
0.6518
-0.1493
0.3866
0.6994
-0.0307
0.0535
-0.7154
0.1783
0.4843
0.8817
-0.0999
-0.0636
-0.2182
0.0731
-0.8617
-0.8508
0.0155
0.3703
-0.6572
-0.029
-0.8066
-0.6948
-0.6057
-0.0307
0.0155
-0.9337
0.5472
0.5835
0.5007
-0.7155
0.3062
0.1744
-0.3081
-0.8617
-0.7715
-0.8617
-0.3081
0.3706
0.1723
-0.9337
-0.0636
-0.0636
-0.2781
-0.2182
-0.1659
0.0792
0.7108
-0.7407
0.7727
-0.6894
-0.7116
-0.8508
-0.6057
-0.2182
-0.8617
-0.8617
0.3706
0.0731
-0.4782
-0.549
0.7091
0.0535
0.7277
-0.774
0.6518
0.9745
0.3866
0.6994
-0.0307
0.7108
-0.0523
-0.5769
-0.2182
0.0535
0.5453
0.1723
-0.2182
-0.2182
-0.8617
-0.3081
-0.1247
0.3703
0.1731
-0.7338
0.4843
0.0731
0.819
0.8686
0.0155
-0.888
0.5472
0.4843
0.5007
-0.6894
-0.613
0.1744
-0.3081
0.3992
0.5376
-0.3081
-0.0205
0.3706
-0.6948
-0.9337
-0.7605
-0.0636
-0.9104
0.7645
-0.1659
-0.0344
0.7108
-0.7407
0.9745
0.3866
-0.2648
0.0792
-0.6057
-0.4852
-0.8617
0.6574
0.3706
0.0731
0.9828
0.5108
-0.7824
0.6021
-0.9413
0.5835
0.736
0.546
-0.6705
0.1584
-0.0307
-0.0999
-0.0523
-0.7099
0.4843
0.0535
-0.0999
0.3992
-0.2182
0.9745
-0.8617
-0.7601
0.819
-0.9104
-0.6572
-0.7338
-0.1247
-0.6948
-0.7155
-0.7824
0.9504
-0.888
-0.0999
-0.3033
0.0155
-0.613
0.3062
0.1744
0.9504
-0.8617
0.7277
0.9828
-0.0205
0.3706
-0.2648
0.8684
-0.7605
-0.2272
-0.1305
-0.7824
-0.1659
0.0792
0.7108
-0.7099
0.7727
-0.9337
-0.2648
0.6994
-0.6057
0.7108
0.4843
0.6699
0.3706
0.0731
-0.4782
0.3062
0.7091
0.6021
-0.7154
-0.774
0.6518
-0.7099
-0.6705
0.6994
-0.0307
0.7277
-0.0523
-0.7099
-0.2182
0.8817
-0.0999
0.3992
-0.2182
0.0731
-0.8617
-0.7601
-0.7601
-0.9104
0.3062
-0.0344
-0.1247
-0.6572
-0.0307
-0.1493
0.0155
-0.4852
-0.7601
0.4843
0.5376
-0.6894
0.9828
0.1744
-0.3081
-0.8617
-0.9104
-0.8617
-0.0205
0.3706
0.1723
0.8684
-0.0636
-0.2272
-0.1305
0.7645
-0.029
-0.0344
0.7108
-0.7407
0.9745
0.0731
0.4843
-0.6572
-0.3081
0.7108
-0.8617
0.6699
0.3706
0.0731
-0.1493
0.5108
0.7727
0.1688
0.3992
-0.774
0.736
-0.7099
-0.8589
0.6994
-0.0307
0.7108
-0.0523
0.1584
0.4843
0.0535
-0.6057
0.1723
-0.2182
0.9745
-0.8617
-0.7601
0.819
0.3703
-0.1363
-0.7338
-0.1247
0.3706
-0.0307
-0.1493
-0.9829
-0.888
0.7645
0.4843
0.5007
-0.6894
0.9828
0.7727
-0.7407
-0.8617
-0.7715
-0.8617
-0.0205
0.3706
0.1723
0.8684
-0.0636
0.1345
-0.1305
-0.2182
-0.774
-0.0344
0.231
-0.7407
0.9745
-0.8066
-0.2648
0.0792
-0.572
-0.2182
0.4843
0.6699
-0.7164
-0.6894
0.5108
0.5108
-0.888
0.0535
-0.2648
-0.774
0.6518
-0.1493
0.7856
0.1688
-0.0307
0.0535
-0.2272
-0.5769
-0.1247
0.0535
0.3992
-0.1493
-0.2182
-0.4852
-0.8617
-0.7601
0.5835
-0.9104
-0.8508
-0.7338
-0.1247
0.0731
-0.0307
-0.1493
-0.9829
-0.888
-0.0999
0.4843
0.5007
-0.0344
0.8099
-0.7407
-0.3081
0.3992
0.0792
0.9828
-0.0205
0.3706
-0.2648
0.8684
-0.7605
-0.2272
-0.1305
-0.7824
-0.1659
-0.0344
0.231
-0.7407
0.9745
-0.8066
0.4843
-0.0516
-0.6057
-0.0523
-0.8617
0.6699
-0.7164
-0.6894
0.9828
0.3062
0.7091
-0.6894
0.7277
-0.774
0.9504
-0.1493
0.3866
0.6994
-0.0307
-0.0999
-0.0523
0.1584
-0.2182
0.0535
-0.6057
-0.9104
-0.2182
-0.2182
0.1688
-0.8508
0.819
0.736
0.231
0.7645
-0.9829
0.3706
0.819
-0.1493
-0.9829
-0.888
0.7645
-0.3033
0.5007
-0.4782
0.9828
0.1744
-0.7605
0.3992
0.7277
-0.1362
-0.0636
0.3706
-0.6948
-0.9337
0.5007
-0.0636
-0.9104
-0.2182
-0.1659
0.0792
-0.4782
-0.7407
0.7727
-0.8066
0.5453
-0.8508
-0.6057
-0.2182
-0.8617
0.6574
0.1744
0.0731
0.1345
0.3062
-0.888
0.6021
-0.2648
-0.774
0.736
-0.1493
-0.6705
-0.1493
-0.0307
0.0535
-0.0523
0.1584
0.6574
0.0535
-0.0999
-0.2648
-0.9151
-0.2182
-0.8617
-0.3081
0.819
-0.9104
0.5453
-0.029
-0.1247
0.0731
-0.0307
-0.1493
0.0155
-0.4852
-0.7601
0.5835
-0.7407
-0.6894
0.3062
0.1744
-0.3081
0.3992
0.0792
-0.23
-0.6828
0.3314
0.1723
-0.9337
0.5007
-0.2272
-0.2781
0.7645
-0.1659
-0.0344
-0.7155
0.8686
0.9745
0.0731
-0.7116
0.0792
-0.6057
-0.8602
0.4843
0.6699
-0.7164
0.0731
0.5453
0.5108
0.7091
0.6021
-0.2648
-0.9151
0.6518
-0.1493
-0.6705
0.1584
-0.0307
-0.9413
-0.0523
0.1584
0.4843
-0.7116
-0.6572
-0.2648
-0.2182
-0.4852
-0.8617
-0.8508
-0.5847
0.3703
-0.1363
-0.0344
0.6443
0.3706
0.5453
0.8686
0.0155
-0.4852
-0.0999
-0.3033
0.5007
0.5108
0.3062
0.9828
-0.3081
0.3992
-0.7715
-0.8617
-0.0636
0.3706
-0.6948
-0.9337
0.5007
0.1345
-0.2781
-0.2182
-0.029
-0.0344
0.7108
0.9828
0.9745
0.0731
-0.7116
0.8684
0.7108
-0.4852
0.4843
-0.0214
-0.7164
0.736
-0.4782
0.3062
-0.3049
0.6021
0.7277
-0.774
0.799
-0.1493
-0.6705
-0.0214
0.5007
0.7277
-0.6038
0.1584
0.4843
-0.7116
-0.6057
-0.2648
-0.9151
0.0731
-0.8617
-0.3081
-0.1247
-0.9104
-0.6572
-0.0344
0.6443
0.3706
0.5453
-0.7824
0.7727
-0.9337
-0.0999
0.5835
0.5007
-0.6894
0.3062
0.1744
-0.3081
0.3992
0.231
-0.8617
0.4792
0.3706
0.1723
0.8684
-0.0636
0.5472
-0.9104
0.6699
-0.1659
-0.0344
0.3703
-0.7407
0.9745
-0.8066
0.5453
0.0792
-0.6057
-0.2182
-0.8617
0.6699
-0.7164
0.5453
-0.4782
0.3062
0.7091
0.0535
-0.7154
-0.774
0.6518
-0.1493
0.3062
-0.1493
0.5007
0.0535
-0.0523
0.736
0.4843
0.0535
0.3992
0.1723
-0.2182
-0.888
-0.8617
-0.7601
-0.1247
0.3703
-0.6572
-0.029
-0.8066
0.0731
-0.0307
-0.0307
-0.9829
-0.4852
0.5472
-0.3033
0.5007
-0.0344
0.9828
0.1744
-0.7407
0.3992
0.5376
0.9828
0.0804
0.4843
0.1723
-0.0449
-0.0636
-0.2272
-0.9104
-0.2182
-0.1659
0.0792
0.5108
-0.7407
0.9745
-0.6894
0.4843
-0.6572
-0.6057
0.3266
0.4843
-0.8617
-0.7164
0.0731
-0.2272
0.5108
-0.0307
-0.6894
0.6574
-0.774
0.736
0.3062
-0.8589
0.1688
-0.0307
0.0535
-0.0523
0.1584
-0.7824
-0.7155
-0.6057
-0.8508
0.6518
0.9745
-0.8617
-0.3081
-0.0516
-0.9104
0.1731
-0.0344
-0.1247
0.0731
0.5453
-0.7824
-0.9829
-0.9337
-0.7601
0.5835
0.5007
-0.6894
0.9828
0.1744
0.9504
-0.8617
-0.7715
-0.8617
0.0804
0.3706
-0.6948
0.8684
-0.0636
-0.2272
-0.1305
-0.2182
-0.1659
0.3706
0.231
-0.0307
-0.9667
-0.8066
0.6994
0.0792
-0.2182
-0.2182
-0.8617
0.6699
0.3706
0.0731
-0.4782
0.3062
0.7091
0.6021
0.0151
-0.774
0.9504
0.9745
-0.8589
0.6994
-0.0307
-0.7154
-0.0523
0.1783
-0.2182
0.0535
-0.6057
0.3992
0.6518
-0.4852
-0.8617
-0.3081
-0.1247
0.3703
0.5453
-0.7338
-0.9829
0.3706
-0.0307
-0.1493
-0.9829
-0.888
-0.7601
-0.3033
0.5007
-0.1787
0.3062
-0.7407
-0.9337
0.3992
0.231
-0.9413
-0.8602
0.3706
0.1723
-0.9337
0.5007
-0.2272
-0.2781
-0.2182
0.0535
-0.0344
0.7108
0.8684
0.9745
-0.8066
-0.7116
0.0792
-0.6057
0.7108
0.4843
-0.0717
0.3706
-0.6894
0.5453
0.5108
0.7091
-0.6894
0.7277
0.5835
0.9828
0.3062
-0.8589
0.1688
0.5007
0.0535
-0.2272
0.1584
-0.2182
0.9906
0.3992
-0.8508
-0.2182
0.9745
-0.8617
-0.7605
0.819
-0.9104
-0.6572
-0.029
-0.1247
0.3706
0.5453
-0.0307
0.0155
-0.888
0.7645
0.1723
-0.7407
-0.6894
0.8686
0.1744
-0.6894
0.3992
0.5376
0.9828
-0.3081
0.3706
-0.6948
0.8684
-0.0636
-0.0636
-0.1305
-0.8617
-0.1659
0.0792
0.7108
-0.7099
0.9745
-0.8066
0.6994
-0.8508
0.3266
-0.0523
0.4843
-0.0214
0.3706
0.0731
0.9828
0.6701
-0.3049
-0.6894
-0.9413
-0.774
0.736
0.0731
0.3866
0.1688
-0.0307
-0.9413
-0.0523
-0.5769
-0.2182
-0.7116
-0.6057
0.3992
-0.2182
0.9745
-0.0999
-0.1659
-0.1247
-0.9104
0.1731
-0.7338
0.6443
0.6021
-0.0307
-0.0307
-0.9829
-0.4852
-0.7601
0.5835
0.5007
-0.6894
-0.613
0.1744
-0.1659
-0.8617
0.231
-0.572
-0.0205
0.3706
0.1723
-0.9337
0.5007
-0.0636
-0.2781
-0.7824
-0.029
-0.0344
0.7108
-0.7407
0.9745
-0.8066
0.4843
-0.9151
-0.572
-0.2182
0.4843
-0.0214
0.3706
0.0731
-0.4782
0.6701
-0.888
0.6021
-0.7154
-0.774
0.6518
-0.1493
0.3866
-0.1493
-0.0307
-0.0999
-0.0523
0.9504
-0.2182
0.0535
-0.6057
0.1723
0.4565
-0.2182
-0.8617
-0.7601
-0.1247
0.3703
-0.6572
-0.029
-0.8929
-0.6572
-0.0307
-0.0307
-0.9829
-0.4852
-0.0999
0.4843
-0.7407
0.5835
0.8099
-0.7407
0.9504
0.3992
-0.7715
-0.8617
-0.6828
0.3706
0.1723
-0.9337
-0.0636
-0.0636
-0.1305
-0.7824
-0.1659
-0.0344
0.7108
-0.7407
-0.9667
-0.2905
-0.2648
0.6994
-0.2182
-0.2182
-0.8617
-0.774
0.3706
-0.6894
-0.4782
0.3062
0.7727
0.6021
-0.9413
-0.9151
0.9504
-0.1493
-0.8589
0.6994
-0.0307
0.0535
-0.7154
0.1584
0.4843
-0.7116
-0.6057
-0.8508
-0.2182
0.0731
-0.8617
-0.7605
0.819
0.3703
-0.6572
-0.0344
-0.8066
-0.6572
0.5453
-0.1493
0.7727
-0.4852
-0.7601
-0.3033
0.5007
-0.7338
0.9828
-0.9764
0.9504
-0.8617
-0.7715
-0.8617
-0.0636
-0.0344
0.1723
-0.0214
-0.7605
-0.0636
-0.1305
-0.2182
-0.029
-0.0344
0.7108
-0.9764
0.9745
-0.8066
-0.2648
0.0792
-0.2182
-0.2182
-0.6705
-0.0214
0.3706
-0.6894
0.9828
0.6701
0.7091
0.6021
0.7277
-0.9151
0.736
0.0731
0.3062
-0.0214
-0.0307
-0.0999
0.5472
0.9504
-0.2182
0.0535
-0.6057
0.3992
-0.2182
-0.2182
-0.8617
-0.3081
-0.7601
0.3703
-0.6572
-0.0344
-0.8929
0.0731
-0.9413
-0.6038
-0.9829
-0.4852
0.7645
0.1723
0.5007
-0.6894
-0.613
0.1744
0.9504
0.6021
0.7277
0.9828
-0.9487
-0.8929
-0.6948
-0.6057
0.5007
-0.2272
-0.9104
-0.2182
-0.1659
-0.0344
0.231
-0.7407
-0.9667
-0.8066
0.4843
-0.8508
-0.1362
-0.2182
-0.8617
0.6699
0.1744
0.0731
0.9828
0.6701
-0.888
0.0535
0.6574
-0.774
0.9828
-0.1493
0.3866
0.1584
-0.0307
0.7277
-0.2272
0.1584
0.4843
-0.7116
-0.6057
-0.8508
-0.2182
-0.2182
-0.8617
-0.7601
-0.7601
0.3703
0.1731
-0.0344
0.6443
0.3706
-0.6057
0.8686
0.7727
-0.077
0.7645
-0.3033
0.5007
-0.6894
0.3062
-0.7407
-0.7407
0.3992
-0.7109
0.9828
0.0804
-0.9829
-0.6948
0.8684
-0.7605
-0.1787
-0.9104
-0.2182
-0.029
0.0792
0.7108
-0.7407
-0.8515
0.0731
0.4843
0.8684
-0.572
-0.9487
-0.8617
0.6699
0.3706
0.736
-0.4782
-0.549
-0.888
0.6021
-0.7154
-0.9151
0.736
-0.7099
0.3866
0.1688
-0.0307
0.3266
-0.0523
-0.7099
0.4843
0.0535
-0.6057
0.5007
-0.2182
-0.4852
-0.8617
-0.8508
0.819
-0.9104
-0.23
-0.029
-0.9829
0.0731
-0.0307
-0.1493
0.459
-0.4852
-0.7715
0.4843
0.0155
-0.4782
-0.0205
0.1744
0.9504
0.6021
-0.7715
-0.8617
-0.8602
-0.0344
-0.6948
-0.0214
-0.0636
-0.0636
-0.9104
-0.2182
-0.1659
0.0792
0.7108
-0.7407
-0.9667
-0.8066
-0.7116
0.6994
-0.2182
-0.4852
-0.8617
0.6699
0.3706
0.0731
-0.2781
0.5108
0.7091
0.6021
0.0151
-0.774
0.736
-0.7099
-0.6705
-0.8508
-0.0307
0.0535
-0.0523
0.736
-0.2182
0.0535
-0.6057
-0.8508
-0.2182
0.0731
-0.8617
-0.1659
-0.1247
0.0792
-0.6572
-0.029
-0.8066
0.0731
-0.0307
-0.0307
-0.9829
0.3314
0.5472
-0.3033
0.5007
-0.6894
0.3062
-0.7407
-0.3081
-0.8617
-0.7715
-0.8617
-0.8602
-0.0344
0.1723
-0.0214
-0.7605
-0.0636
-0.1305
-0.2182
-0.1659
-0.0344
0.7108
0.1731
0.9745
0.4843
-0.2648
0.8684
-0.6057
-0.0523
-0.8617
0.6699
0.3706
0.0731
0.9828
0.6701
0.7091
-0.6894
0.0151
-0.774
0.736
0.546
0.3866
0.1688
-0.0307
-0.9413
-0.0523
-0.5769
-0.4482
0.0535
-0.6057
-0.9104
-0.9151
0.9745
-0.8617
-0.8508
0.819
0.3703
0.1731
-0.029
-0.9829
0.3706
0.5453
-0.7824
0.7727
-0.888
-0.2648
-0.9151
0.5007
-0.6894
0.3062
-0.9764
0.9504
-0.6894
0.231
0.0804
-0.7824
0.3706
0.1723
0.8684
0.5007
-0.0636
-0.9104
-0.2182
-0.1659
0.0792
-0.0205
-0.7407
0.7727
-0.8066
-0.7116
-0.8508
-0.6057
0.825
0.4843
-0.0214
0.3706
-0.6894
-0.1493
0.3062
-0.3049
-0.6894
0.7277
-0.8968
0.9504
-0.7099
-0.6705
0.1584
0.5007
0.7108
-0.0523
0.8572
0.4843
0.8817
-0.6057
-0.8508
-0.2182
-0.4852
-0.8617
-0.7601
0.819
-0.7109
0.4273
0.8572
-0.3094
0.3706
-0.7155
-0.7824
0.0155
-0.888
0.825
0.5835
-0.5701
-0.7155
0.9828
0.1744
-0.7407
-0.8617
0.459
-0.8617
-0.8602
0.3706
-0.6948
0.8684
0.5007
-0.2272
-0.9104
0.7645
-0.029
0.0792
0.7108
0.3481
-0.9667
-0.8066
-0.7116
0.8684
0.7108
-0.0523
-0.8617
0.6699
-0.7164
0.0731
0.3703
-0.549
-0.3049
-0.6894
0.6574
-0.9151
0.9504
-0.9487
0.3062
0.1584
0.5007
-0.0999
0.7091
0.1584
-0.7824
-0.7116
-0.6057
0.1723
0.6518
-0.2182
-0.8617
-0.3081
0.819
0.3703
-0.6572
-0.0344
-0.1247
-0.6297
-0.0307
-0.7824
-0.9829
-0.4852
0.7645
0.5835
0.3706
-0.613
0.3062
0.7727
-0.7407
0.3992
0.231
0.9828
-0.8602
0.3706
-0.6948
-0.9337
0.5007
-0.0636
-0.1305
-0.2182
-0.029
-0.0344
0.7108
-0.7099
0.7727
-0.8066
0.4843
0.0792
-0.2182
-0.2182
-0.8617
0.6699
0.3706
0.0731
-0.4782
0.5108
-0.0307
-0.6894
0.0151
-0.774
-0.3033
-0.1493
0.3866
0.1584
-0.0307
0.5463
-0.0523
0.736
0.4843
-0.7155
-0.6057
-0.8508
