 -2  3  3  11
 -4  3  1  12
 -6  9  1  12
 -6 17  3  12
 -6  3  1  12
-10  3  3  12
 -2  5  3  10
 -4  3  3  10
 -4  3  3  10
 -8  5  5  12
 -2  3  3  10
 -2  3  1  10
 -4  3  1  11
 -4  5  1  11
 -6  3  3  12
 -6  7  3  10
-10  3  3  12
 -6  9  3  10
 -6  3  3  10
 -8  7  1  12
 -6  5  5  12
 -2  3  3  11
 -4  9  3  11
 -2  7  3  11
 -6  5  3  10
 -2  3  1  11
 -8  3  3  10
 -4 13  9  10
 -2  5  3  12
 -4  5  1  10
 -4  5  3  10
 -6  3  1  11
 -2  3  3  10
-10 13  3  12
 -4  5  3  11
 -6 13  5  11
 -4  5  3  11
 -2  3  1  11
 -2  5  3  11
 -2  5  3  12
 -4  3  1  10
 -4  7  5  10
 -6  3  3  10
 -4  9  5  12
 -8  9  7  10
-10  9  7  10
 -4  9  3  12
 -2  5  3  11
 -2  3  3  11
 -4  7  1  11
 -8  1  1  10
 -6  5  1  12
 -6 15  5  12
 -2  5  3  11
-12  9  3  12
 -8 19  1  10
-12  3  3  12
 -2  3  3  10
 -4  3  1  12
 -4  3  3  12
-10  3  1  11
 -8  9  5  11
-10  3  1  11
-10  3  1  12
 -6  3  1  11
 -8  5  1  10
-10 11  5  11
 -2  3  1  12
 -2  3  3  11
 -2  5  3  12
-10  5  3  12
 -2  1  1  10
 -2  7  1  10
 -4  5  3  10
 -4  3  1  11
-10 13 11  12
 -2  1  1  11
 -4  1  1  12
 -4  3  1  11
 -4  5  3  10
-10 11  3  12
 -4  3  1  12
 -2  3  3  12
 -6  1  1  10
 -4  1  1  11
 -6  5  1  11
 -8  3  1  10
 -6  5  1  12
-10  9 -1  10
-12  9  5  10
 -4  3  1  11
 -4  3  1  11
 -6  3  1  10
 -6  1  1  10
 -2  1  1  11
 -4  1  1  11
 -4  1  1  11
 -4  5  3  12
 -6  5  1  11
 -4  5  3  12
 -6  3  3  12
 -6  5  5  11
-10  3  3  12
 -2  5  3  10
 -2  3  3  12
 -4  5  3  10
 -6  3  1  11
 -6  5  3  10
 -2  3  1  12
 -4  1  1  12
 -4  3  1  11
 -4  5  1  10
 -4  1  1  12
 -6  9  7  12
-10  1  1  12
 -6 13  5  11
 -8 11  1  11
 -8  9  3  12
 -6 19 11  10
 -2  5  3  12
 -4  3  1  11
 -6  1  1  11
 -6  3  1  10
 -6  7  1  10
 -2  5  5  12
 -2  5  3  10
 -4  3  3  12
 -4  5  3  10
-12  5  3  10
 -2  1  1  11
 -4  3  3  12
 -4  1  1  11
-12  5  3  12
 -2  5  3  10
 -4  3  1  10
 -6  9  1  12
 -2  5  3  11
 -4  1  1  10
 -6  1  1  11
 -4  5  3  12
 -6  9  1  11
 -6  9  3  11
-10 21  3  12
 -2  3  3  10
 -2  3  1  12
 -2  5  5  10
-10 21  3  12
-10  1  1  11
-10  5  3  10
 -2  5  3  11
 -4  3  1  10
 -6  3  1  12
 -4  7  3  10
-14  3  3  12
 -2  1  1  11
 -4  3  1  10
 -2  3  1  11
 -2  3  3  12
 -8 11  1  10
 -4  5  3  12
 -8  5  1  10
 -2  1  1  12
-10  9  7  11
-14 21 -1  11
 -4  3  3  11
 -6  7  5  10
 -2  3  1  11
 -2  3  3  12
 -2  5  3  11
 -2  5  5  10
 -4  3  3  12
 -6  3  1  12
 -4  7  1  10
 -2  3  3  11
 -2  3  3  11
 -4  1  1  11
 -4  3  1  10
 -6  5  1  12
 -2  1  1  12
 -8  3  1  11
 -8 15  3  11
 -6  9  1  12
 -4  7  3  12
 -6  1  1  11
 -4  5  1  11
 -6  3  1  12
 -6  3  3  12
 -6  3  3  10
 -2  3  1  10
 -6  5  3  12
 -6  3  1  11
 -6  5  3  11
 -6  5  1  10
 -8  5  3  11
 -6  9  5  11
 -2  3  3  12
 -2  3  3  10
 -4  5  3  11
 -8  5  1  12
 -8  5  3  11
 -2  5  3  12
 -4  3  1  10
 -4  1  1  11
-12 17  3  12
 -4  3  1  10
 -2  3  1  10
 -2  7  5  11
 -4  5  3  11
 -6  3  3  11
-12  7 -1  12
 -2  5  5  11
 -8  5  3  12
 -8  3  1  12
-14  3  1  10
 -2  1  1  11
 -4  3  1  12
 -4  3  1  10
 -4  1  1  11
 -4  5  1  12
 -2  3  3  10
-10  1  1  12
 -6  3  3  10
 -6  7  5  11
 -2  3  1  11
 -4  7  5  11
 -4  1  1  11
 -8  5  1  11
 -8  5  5  12
-10 33  5  12
 -4  5  3  11
 -8  7  1  10
 -2  3  3  12
 -4  3  1  10
 -4  7  3  10
 -6  5  1  10
 -8 15  5  11
 -6 11  5  11
 -6  7  5  10
 -2  5  5  10
 -4  1  1  11
 -2  3  3  10
 -8  5  1  11
-10  5  5  12
-10  7  5  11
 -4 15  1  11
 -2  3  3  10
 -2  3  3  12
 -2  3  3  11
 -2  7  3  12
 -4  5  5  11
 -4  7  1  12
 -8  3  1  11
-10 13  5  12
 -2  3  3  11
 -2  3  1  11
 -6  5  3  10
-12 13  1  10
 -2  3  3  11
 -4  7  3  12
 -4  5  3  12
-18  5  1  12
 -6  5  3  11
 -4  7  5  10
 -6  7  3  10
 -4  3  3  10
 -2  3  1  11
 -4  5  3  11
 -2  3  1  10
 -2  3  3  12
 -4  5  3  12
 -2  3  1  12
 -6  5  1  11
-12  7  1  12
 -4  3  1  12
 -6  3  1  11
 -2  1  1  10
 -4  3  1  10
 -2  5  1  11
-10  5  3  10
 -8  7  3  11
 -4  7  1  10
 -8  1  1  12
 -2  5  1  12
 -6  1  1  12
 -6  5  1  10
 -8  1  1  12
-10 13  7  11
 -2  1  1  12
 -4  3  1  12
 -4  5  3  12
 -8  3  1  11
 -6  5  1  11
 -4  7  7  12
 -6  7  1  10
-10  3  1  11
-14  3  3  12
 -2  3  3  12
 -4  3  1  11
 -4  3  1  10
 -4  3  3  10
 -4  3  1  10
 -8  3  1  10
 -4 11  3  11
 -4  5  1  11
 -6  9  3  10
 -4  1  1  12
 -2  5  3  11
 -4  3  1  11
 -6  7  3  12
 -4  3  1  10
 -8  3  3  10
 -8  9  5  10
 -8  7  3  12
 -2  5  5  10
 -4  3  1  11
 -4  5  3  10
 -6  7  5  10
 -2  3  3  11
 -2  3  1  11
 -6  3  1  10
 -8  3  1  10
 -2  1  1  11
 -4  3  1  12
 -4  3  3  10
 -2  9  3  12
 -6  7  3  12
 -6  1  1  10
 -6  7  1  10
 -6  7  1  11
 -2  1  1  10
 -6  1  1  10
 -4  5  3  11
 -6  5  3  10
 -6  3  3  12
 -2  3  3  11
 -2  3  1  11
 -4  3  3  11
 -2  3  1  10
 -2  5  3  11
 -6  5  3  10
 -8  9  9  12
 -2  3  1  11
 -2  5  3  10
 -4 13  3  10
 -6  5  3  12
-14  5  1  12
 -4  1  1  10
 -4  1  1  10
 -2  5  3  12
 -2  5  3  12
 -4  1  1  12
 -6  1  1  10
 -4  9  3  12
 -8 25 13  10
 -2  5  3  11
 -8 17  3  10
 -8  7  1  10
-10  7  1  12
 -4  5  1  12
 -4  5  3  12
 -4  3  3  10
 -6  3  1  12
-10  9  5  11
 -4  5  1  12
 -4  5  1  11
 -6  1  1  10
 -6  7  5  12
 -6 11  7  11
 -2  1  1  12
 -4  3  1  11
 -2  1  1  11
-10 19  1  10
 -4  1  1  11
 -2 13  5  12
-10  3  3  11
-14  7  5  11
-18  1  1  11
 -2  3  1  12
 -4  5  5  11
 -2  3  3  10
 -4  5  5  10
 -4  9  3  12
 -2  3  3  10
 -2  7  5  12
 -6 11  5  12
 -2  3  3  11
 -2  3  1  10
 -2  3  1  10
 -2  3  3  11
 -2  7  3  10
 -2  3  1  10
 -2  3  3  10
 -6  3  1  10
 -8 13  3  12
 -8  3  1  10
 -2  5  5  11
 -6 13  1  12
 -2  3  3  10
 -4  5  1  11
 -4  7  3  10
 -6  5  3  11
 -4  3  3  12
 -6  9  3  11
 -6  3  3  11
 -6 11  3  10
 -6 17  3  12
 -8  5  5  11
-10  5  5  11
 -2  3  3  12
 -2  3  1  12
 -2  3  3  12
 -4  3  1  11
 -4  1  1  10
 -4  3  1  10
 -4  1  1  12
 -6  3  1  12
 -6  5  1  11
 -4  1  1  12
 -4  3  1  12
 -6 11  3  11
 -2  5  3  12
 -4  1  1  11
 -6  1  1  12
 -8 17  3  10
 -2  1  1  11
 -4  3  1  10
 -8  5  3  10
 -4 15  1  10
 -2  1  1  11
 -4  3  3  11
 -4  5  3  12
 -6  3  3  11
 -2  3  3  10
 -4  5  3  12
 -4  3  1  11
 -4  5  1  12
-10  3  3  12
 -2  5  5  11
-10  5  1  10
 -4 21  3  11
-12  9  5  11
 -2  5  3  12
 -4  5  5  11
 -6  1  1  11
 -4  3  1  11
 -6  5  3  10
 -6  5  3  10
 -4  3  3  12
-10  3  1  10
 -8  9  3  12
 -2  5  5  11
 -8 11  3  10
 -4  3  1  10
-10  3 -1  10
-10  3  3  10
 -4  3  1  11
 -4  3  3  10
 -8  9  1  12
 -6  3  3  12
 -2  5  3  10
 -6  3  3  11
 -8  1  1  12
 -6  5  5  12
 -8  5  1  10
 -2  3  1  11
 -2  3  3  10
 -6  9  1  10
 -6  7  3  12
-10  5  5  10
 -8  9  3  11
-10  1  1  10
 -2  3  3  11
 -2  3  3  12
 -4  3  1  12
 -4  5  3  11
 -4  1  1  10
 -6  5  3  10
 -8  3  1  10
-10  3  3  12
 -2  3  3  12
 -4  3  3  11
-10 15  3  11
 -8 17  1  12
-10  3  1  12
 -8 17  9  12
 -8  9  5  11
 -2  1  1  10
 -4  3  1  11
 -4  3  1  12
 -8  1  1  10
 -2  1  1  11
 -4  3  3  10
 -2  5  1  11
 -4  3  1  10
 -6 11  1  11
-16  9  5  10
 -2  5  3  10
 -6  5  3  10
 -8  7  5  11
-12  5  3  10
 -4  5  3  12
 -6  1  1  11
 -6  7  1  10
 -6  5  5  12
-12  7  5  11
 -2  3  3  11
 -2  3  3  11
 -6  3  1  11
 -6  3  1  12
 -6  3  1  10
 -6  9  9  10
-20  3  3  10
 -8  9  1  12
 -2  3  3  12
 -2  5  3  10
 -6  1  1  12
 -2  3  1  11
 -4  5  1  10
 -8  3  1  11
 -8  3  3  12
 -6  7  5  11
 -8  5  5  11
 -2  7  5  12
 -4  3  1  12
 -4  3  3  12
 -6  5  3  11
 -2  3  3  11
 -2  3  1  10
-16  3 -5  10
 -6  7  5  12
-10  3  1  10
 -6  5  3  10
 -8  5  3  12
 -2  3  1  11
 -2  5  3  12
 -6  3  1  10
 -2  1  1  10
 -4  3  1  12
-16 11  1  10
 -2  3  1  12
 -6  1  1  10
 -2 11  9  12
 -2  5  3  10
 -6  3  1  12
 -6  3  3  10
 -6  5  1  11
 -2  1  1  11
 -4  1  1  10
 -6  9  7  11
 -6  3  3  11
-12 15  1  12
 -2  9  5  11
 -2  7  3  10
 -2  7  3  10
 -2  1  1  10
 -4  3  1  12
 -8  3  1  12
 -4  7  3  12
 -4  1  1  12
 -6  7  1  10
 -4  5  3  10
 -6  3  1  12
 -6  5  1  12
 -6 11  3  10
 -8 17  3  11
 -8  9  5  10
 -2  1  1  11
 -4  3  3  12
 -4  1  1  12
 -4  5  1  11
 -4 11  3  11
 -8  9  3  10
 -4  1  1  11
 -4  3  3  12
 -4  3  1  10
 -4  3  1  11
 -6  3  1  12
 -8  7  7  10
 -4  3  3  11
 -8  9  1  11
 -8  9  3  11
 -8  7  3  12
 -6  7  1  10
-12  7  7  12
 -2  5  5  10
 -4  3  1  11
 -4  7  3  12
 -8  1  1  12
 -4  7  5  11
-10  1  1  12
 -6 13 11  12
 -8 13 11  11
 -8  5  3  10
 -2  1  1  10
 -6  5  3  12
 -8  5  5  10
-14  5  3  10
 -6  3  1  12
 -2  5  3  11
 -4  3  1  12
 -4  7  3  12
 -2  3  3  11
 -4  3  3  12
 -4  5  5  11
 -4  9  7  10
-10  3  3  12
 -8  5  3  11
 -2  5  1  11
 -4  5  3  10
 -2  3  3  11
 -2  5  3  11
 -2  3  3  11
 -4  3  3  10
 -4  1  1  12
 -2  3  3  10
 -8  7 -1  12
-16  5  3  10
-12  9  7  11
 -2  3  1  10
-10  5  5  11
 -4  9  3  11
 -2  3  1  12
 -2  9  3  11
 -4  7  3  12
 -4  3  1  10
 -4  3  1  10
 -8  3  3  10
 -4  7  3  12
 -4  1  1  12
 -4  1  1  10
 -2  1  1  12
 -4  3  3  12
 -6  3  1  12
 -8  5  5  12
 -2  3  1  10
 -6  5  5  12
-12  7  3  11
 -8  5  1  12
 -4 11  5  11
 -6  3  3  10
 -6  5  1  11
 -6  5  3  10
 -2  1  1  12
 -4  1  1  11
 -6  5  1  11
-10  9  3  11
 -6  3  3  12
 -4  3  1  10
 -2  3  1  12
 -6  5  3  12
 -8 13  3  10
 -2  5  3  11
 -4  7  1  12
 -6  9  3  11
 -8 19  9  10
 -4 11  3  12
 -6 15  5  12
 -8 13  3  10
-10 11  5  11
 -4  3  3  12
 -4  3  3  10
 -6  3  3  12
 -6  3  1  12
 -8  1  1  12
 -2  3  3  10
 -4  5  3  12
 -4  5  3  11
 -6  3  3  12
 -2  5  1  11
 -6  3  1  10
 -4  5  1  12
 -4  5  1  10
 -2  7  3  10
 -8 13  3  10
 -2  1  1  10
 -4  3  1  10
 -4  7  3  10
 -6  3  1  11
 -8  3  1  10
 -8  5  3  12
-10  9  3  11
 -6  9  3  10
 -2  7  3  10
 -8  9  3  12
 -2  1  1  12
 -6  1  1  10
 -8  5  3  10
 -6  5  3  12
 -6  7  3  10
 -6  3  3  10
 -6  3  1  12
 -8  5  3  10
 -4  9  5  11
 -2  5  1  11
 -6  1  1  10
 -6  5  3  11
 -6  3  3  12
 -6  5 -1  10
 -2  1  1  10
 -4  3  1  12
 -6  5  3  12
 -8  3  3  12
 -6 11  3  11
 -4  1  1  10
 -4 15  3  11
 -4 13  5  10
-18 13 -5  11
 -4  1  1  10
 -4  7  1  12
 -4  9  5  12
 -4  7  5  10
 -6  5  3  10
-10  1  1  10
 -8  7  7  10
 -6  3  1  12
 -2  3  3  10
 -4  3  1  12
 -6  5  3  10
 -6  7  5  11
-10 11  5  11
-14  3  3  10
 -6  5  3  10
 -2  1  1  11
 -4  3  1  12
 -4  5  1  11
 -4  3  1  11
 -6  3  1  10
-14  7 -5  12
 -4  1  1  12
 -8  3  1  10
 -4  7  3  12
 -2  5  3  10
-10  3  1  11
 -4  7  1  11
 -4  3  3  10
 -4  7  5  10
 -6  7  1  11
 -2  3  3  12
 -2  7  3  12
 -6  1  1  12
 -8  1  1  12
-14  7  3  11
-10  7  1  11
 -2  1  1  11
 -4  1  1  12
 -8  3  1  11
 -6 17  3  11
 -6 23  7  12
 -4  3  3  10
 -6  3  3  10
 -4  3  3  11
 -4  5  1  12
 -4  5  1  12
 -4  1  1  12
-10 13  3  10
 -4  3  1  12
 -4  7  3  12
 -6  3  1  12
-10  3  1  10
 -6  3  3  12
 -2  1  1  11
 -4  1  1  10
 -6  5  3  12
-10  5  3  11
 -6  9  3  11
-14  3  1  11
 -8  5  3  10
 -2  3  1  12
 -4  1  1  11
-12  1  1  10
-12  7 -1  10
 -6 13 11  11
 -2  3  3  10
 -4  3  3  10
 -8 13  5  11
 -4  5  3  11
 -6  5  1  11
 -6 11  3  10
-14  9  1  11
 -2 15  7  12
 -4  1  1  10
 -6  3  3  12
 -4  1  1  11
 -6  3  1  12
 -6  5  1  11
 -6  3  1  10
-10  7  5  12
 -4  3  1  10
 -2  3  1  10
 -6  1  1  12
 -8  1  1  10
 -8 11  5  11
 -8  7  5  12
 -8  1  1  12
 -4  5  3  10
 -8  7  3  10
 -4  5  1  10
 -2  3  1  12
 -4  3  1  12
 -2  3  3  11
 -2  3  1  11
 -4  1  1  10
-10 11  3  12
-10  3  3  10
-12  9  7  12
 -2  1  1  10
 -4  3  1  12
-14  5 -1  12
 -2  3  3  10
 -4  3  1  12
 -6  3  1  11
 -6  9  9  10
 -2  5  3  10
 -4  3  3  12
 -8  1  1  12
 -8 13 11  12
-12 19  7  11
 -8  5  3  12
-10  7  3  10
 -2  1  1  10
 -4  3  1  11
 -4  1  1  12
 -6  5  1  10
 -6  3  1  11
 -4  9  3  12
 -6  3  1  10
 -4  3  3  12
 -6 17  1  10
 -8  3  1  12
 -2  5  3  11
 -2  5  3  12
 -4 11  5  11
 -6  9  3  11
 -8  9  3  12
 -8  3  3  11
 -8  5  5  11
 -2  3  3  12
 -4  5  1  11
 -2  3  3  11
 -2  3  1  12
 -4  3  1  12
 -6  3  1  12
 -2  1  1  12
 -4  1  1  10
 -4  1  1  10
 -4  5  1  10
 -4  1  1  11
 -8 11  1  11
 -2  1  1  11
 -4  3  3  11
 -4  3  1  11
 -4  3  1  11
 -4  5  3  10
 -8 17  3  12
-14 11  7  10
-10 11  7  10
 -2  5  3  10
 -2  3  1  12
 -2  3  3  11
 -4  3  3  11
 -8 13  1  12
 -2  5  5  11
 -4  3  3  12
 -6  7  5  11
 -2  1  1  11
 -4  3  1  12
 -4  5  1  11
 -2  5  3  12
 -4 13  3  11
 -4  9  3  10
-10  9  7  10
-12  3  1  12
 -2  3  1  12
 -2  5  1  10
 -2  3  3  10
 -6  5  1  11
-10  7  3  12
 -2  3  3  12
 -4  3  1  12
-10 11  5  10
 -4  7  3  11
 -6  1  1  11
 -6  5  1  11
 -8  3  1  12
 -4  3  3  12
 -8  5  1  10
 -8  5  3  12
 -8 11  3  11
 -4  5  3  11
 -2  3  3  10
 -6  3  3  11
 -6  1  1  10
 -6  3  3  12
 -6  1  1  12
 -2  1  1  10
 -4  1  1  11
 -4  3  3  12
 -4  5  3  10
-10  3  1  12
 -2  9  3  12
 -2  3  3  12
 -4  3  1  12
 -4  7  3  10
 -8  5  1  10
 -6  9  3  12
 -6  5  5  12
 -4  3  3  11
 -2  5  3  12
 -4  3  1  10
 -4  5  1  12
 -6  3  3  11
 -8  1  1  12
-10 11  9  10
 -8 17  7  10
 -4  3  1  12
 -6  5  1  12
 -2  3  1  12
 -4  3  3  11
 -4  7  5  11
 -6  5  1  11
 -6  7  3  12
 -6 13  5  11
 -8  7  3  12
 -2  7  3  10
 -6  3  1  11
 -4  3  1  12
 -8 15 15  10
 -4  1  1  12
-10  9  5  12
 -6  3  3  12
 -4  5  3  11
 -6  3  1  10
 -4  7  1  12
 -2  3  3  11
 -2  5  3  10
 -2  3  3  12
 -4  3  3  11
 -2  5  1  12
 -2  1  1  12
 -4 13  1  12
 -4  9  3  11
 -4  5  1  11
 -2  3  3  11
 -4  5  1  11
 -4  7  3  12
 -2  1  1  10
 -4  5  1  12
 -4  5  3  12
 -8  7  5  11
-12  1  1  10
-10  7  7  11
-10 15  3  11
 -4  7  3  11
 -2  3  1  12
 -6  7  3  10
 -8  5  3  11
 -8  5  1  10
-16 11  5  11
 -8  5  1  12
 -2  3  3  11
 -4  1  1  12
 -4  1  1  11
 -6  3  3  10
 -4  7  3  11
 -4  7  1  11
 -4  3  1  11
 -6  3  3  11
 -4  7  7  11
 -6  3  3  11
-12  7  3  12
-10  9  7  10
 -4 17  9  11
 -2  5  3  11
 -4  5  5  12
 -6  3  1  12
 -8  9  1  11
 -8  9  1  10
 -6  7  1  12
 -2  5  3  12
 -4  3  1  11
 -4  5  1  11
-10  3  3  12
 -2  1  1  10
 -4  1  1  10
 -4  3  3  11
 -4  1  1  12
 -6  3  1  12
 -8 15  3  12
 -6  5  3  10
 -2  3  3  11
 -6  1  1  10
 -4  3  3  12
-10  3  1  11
 -6 11  3  11
-12  1  1  10
 -4  1  1  10
 -6  3  1  12
 -6  1  1  10
 -4  3  3  12
 -6  5  1  12
 -8  9  3  12
 -6  9  5  10
 -4  3  1  12
 -4  5  1  10
 -8  3  1  12
 -8  5  3  12
 -2  1  1  11
 -4  1  1  11
 -4  5  1  10
 -2  5  3  12
 -4  3  1  11
 -4  3  3  11
 -4  5  3  12
 -8  1  1  11
 -6  3  1  12
 -6  3  3  12
 -6  3  1  11
 -2  7  3  12
 -2  1  1  10
 -4  3  1  12
-12  5  1  12
 -2  1  1  10
 -4  3  1  11
 -4  1  1  12
 -4  5  5  10
 -4  7  1  10
-10  9  1  12
 -2  3  1  12
 -4  7  3  12
 -4  5  1  12
 -6  3  3  10
 -4  5  5  12
 -8  3  1  11
 -2  3  3  12
 -4  1  1  11
 -4  5  1  11
 -4  5  5  11
 -4  5  5  11
 -8 11  7  10
 -6  5  1  11
-12  5  1  10
 -2  3  3  12
 -4  5  3  12
 -4  1  1  12
 -4  5  1  10
 -4  5  1  12
 -2  3  3  10
 -2  3  1  10
 -6  5  5  11
-14  3  3  12
 -8 11  5  12
-12  3  1  10
 -6 13  3  11
 -8 13 11  12
 -4  3  1  11
 -2  7  3  10
 -8  7  1  11
 -8  5  1  11
-10 23  1  12
-20  5 -7  10
 -2  5  3  12
 -4  3  1  12
 -8  3  1  12
 -2  5  3  12
 -4  3  3  12
 -6  5  1  11
-10  9  1  11
 -8  5  5  11
 -4  5  3  11
 -4  3  1  10
 -8  3  3  11
 -2  5  5  10
 -8  1  1  12
 -8 11  3  10
-10 17 -5  12
 -4  3  3  12
 -2  5  5  10
 -2  7  3  12
-10  3 -1  12
 -4  7  3  11
 -4  3  3  11
 -2  3  1  12
 -2  3  3  12
 -4  1  1  12
 -4  1  1  11
 -4  3  1  11
 -4  5  3  10
 -6  3  3  11
 -2  3  3  10
 -2  5  3  10
 -4  3  1  11
-12  5  3  11
 -8  3  1  10
 -4  9  9  11
 -4  1  1  12
 -4  5  3  12
 -6  7  5  12
 -2  3  3  11
 -4  1  1  12
 -8  3  1  12
 -8  5  1  12
 -6 15  5  11
 -4  7  3  11
 -2  3  3  10
 -2  3  1  12
 -4  5  3  12
 -6  1  1  10
 -4  3  3  11
 -4  5  1  10
 -2  3  3  10
 -4  3  1  11
 -6  5  1  12
 -4 13  7  10
 -4  7  1  12
 -2  1  1  11
 -4  1  1  12
 -4  3  3  12
 -4  5  3  12
 -4  9  3  12
 -6  3  3  10
 -8  7  3  10
 -6  5  3  10
 -2  3  1  11
-10  5  1  11
 -8  5  1  11
 -2  3  1  12
 -4  3  1  12
 -4  3  1  12
 -4  5  3  11
 -8 13  7  10
 -6  3  3  12
 -8 29  3  12
 -6  7  5  10
 -2  5  3  10
 -2  5  5  11
 -4  1  1  11
 -6  5  5  10
 -4  3  3  10
 -8 13  5  11
 -6  3  1  12
 -6  5  3  10
-10  5  3  10
-14 11  3  11
 -2  3  3  10
 -4  3  1  10
 -4  5  5  11
 -2  3  1  10
 -2  5  3  11
 -6  1  1  12
 -4  9  5  12
 -4  5  3  12
 -8  3  1  11
 -2  7  5  10
-18  3 -3  12
 -4  3  3  10
 -8  7  3  12
 -2 11  7  10
 -6  1  1  11
 -4  3  3  11
 -8  5  3  11
 -6 13  3  11
 -2  3  1  10
 -6  5  1  10
 -8  3  1  12
 -4  1  1  11
 -8  5  5  12
 -4  5  3  10
 -4  3  1  10
 -4  5  3  11
 -6  1  1  12
 -2  3  3  10
 -6  1  1  10
-10  7  3  11
 -8 15  3  11
 -2  3  3  11
 -4  9  3  10
-12  5  5  12
 -4  5  3  12
 -4  3  3  10
 -4  3  3  12
 -2  3  3  10
 -6  7  3  11
 -2  3  3  10
 -8  3  1  10
 -2  1  1  10
 -4  3  1  11
 -4  1  1  12
 -4  3  1  12
 -4  3  3  11
 -4  9  5  11
-12  5  3  11
 -4  5  3  12
 -8  5  1  10
 -4  7  1  12
 -6  3  3  10
 -8  3  1  12
 -4  3  1  12
 -6  1  1  11
 -8 11  1  11
 -8  7  1  11
-10  3 -1  11
 -8  9  3  12
 -4  3  3  10
-12  5  5  12
 -6  5  5  11
 -4 13  3  11
 -8  5  5  12
 -6 11  1  12
-14  3  1  10
 -2  5  3  10
 -2  3  3  10
 -4  5  1  11
 -6  1  1  11
 -6  1  1  10
 -8  3  1  11
 -2  3  3  11
 -8 21  3  11
-10  7  5  10
 -6  5  3  11
 -4  5  3  11
 -2  1  1  10
 -4  3  1  12
 -4  7  3  12
 -6  9  5  12
 -4  1  1  10
 -4  3  1  11
 -4  5  3  11
 -6  7  3  11
 -6 17  7  11
-14 13  1  10
 -4  3  1  12
 -4  5  1  12
 -4  3  1  12
 -4  7  1  11
 -4  7  5  10
 -2  5  3  11
 -4  1  1  11
 -6  3  3  10
 -8  1  1  10
 -4  7  5  11
 -2  1  1  12
 -4  1  1  12
 -2  5  3  12
 -4  3  3  12
 -2  3  3  12
 -4  3  3  10
 -6  1  1  12
 -8  1  1  10
 -4  3  1  10
 -6  1  1  11
 -2  3  3  10
 -4  3  3  12
 -4  5  3  12
 -2  3  3  10
 -4  7  3  10
 -8 11  5  12
 -2  1  1  10
 -8 15  1  12
 -6 11 11  10
 -2  1  1  12
 -4  7  3  10
 -6  1  1  10
 -6  1  1  10
 -8  3  3  10
-12  3  1  12
 -2  3  1  11
 -6  7  7  11
 -4  9  3  12
-10  5  5  12
 -2  3  3  12
 -2  3  3  12
 -4  5  1  11
 -8  1  1  11
 -2  1  1  11
 -4  3  3  12
 -4  1  1  12
 -4  3  1  10
 -4  1  1  10
 -6  3  1  11
 -6  1  1  10
 -4  3  3  10
 -6  3  3  12
 -4  3  1  10
 -4  3  3  11
 -8 15  5  11
 -2  9  5  12
-10  1  1  11
-12  3  3  11
 -6  3  1  10
 -2  5  1  12
 -4  3  1  11
 -8  3  3  12
-12  9  3  11
 -2  1  1  12
 -4  1  1  12
 -8  3  1  10
 -6  1  1  10
 -2  1  1  11
 -4  1  1  11
-10  9 -1  10
-10 11  1  11
 -4  5  3  10
 -8 11  3  11
 -4  3  3  10
 -6  5  3  10
 -4  3  1  10
 -6  3  1  11
 -8  5  3  12
 -4  9  7  10
-10  3  1  10
 -2  1  1  11
 -4  3  1  12
 -4  3  3  10
 -4  3  1  10
 -6  3  1  11
 -6  5  1  11
 -6  3  3  10
-10 11  5  10
 -4 17 17  10
 -2  1  1  11
 -4  3  1  10
 -2  3  3  11
 -8 13  1  11
 -4  5  5  12
-10  1  1  12
 -4  5  3  11
 -4 13  1  11
 -4 11  1  12
 -4  7  7  11
 -2  3  1  11
 -6 15  3  10
-18  5 -3  12
 -2  1  1  10
 -4  1  1  10
 -6  3  3  12
 -8  5  3  10
 -2  1  1  12
 -4  3  1  12
 -6  9  5  10
-10  9  5  10
 -8  5  5  11
 -2  1  1  11
 -4  3  3  12
 -4  1  1  11
 -2  5  3  12
 -8 11  3  12
-14 11  1  12
-10 15  1  10
 -2  3  3  12
 -4  5  1  11
 -4  3  1  11
 -8  3  3  10
 -6  5  3  10
 -6 13  3  12
 -6 19  1  10
 -8  5  5  11
-10  7  5  10
-12  5  5  11
 -2  3  3  12
 -4  5  3  12
 -4 11  1  10
 -8 15  9  10
 -4  5  3  10
 -8  5  5  12
 -8  5  1  11
 -8  5  5  11
-10  7  5  11
 -4  3  1  10
 -2  5  5  12
-12  7  3  10
 -2  7  3  11
 -4  5  5  11
 -8  1  1  10
 -2  3  1  11
 -4  1  1  11
 -4  3  1  12
 -4  3  1  12
 -4  3  3  10
 -4  3  3  11
 -2  3  1  12
 -2 13  5  10
 -2  5  1  12
 -4  3  1  11
 -4  3  3  11
 -8 11 -1  11
 -8  9  1  11
 -2  3  3  11
 -2  9  1  12
 -2 11  3  11
 -2  3  3  12
 -4  3  1  12
 -6  3  3  11
 -6  7  5  12
 -2  3  1  11
 -2  3  3  10
 -4  1  1  10
 -6  3  1  11
 -4  3  3  12
 -2  9  7  12
-12  5  3  10
 -4  1  1  10
 -4 15  5  10
 -4  1  1  10
 -4  3  1  12
-12  3  1  10
 -2  5  1  10
 -4  5  3  10
 -4  3  3  12
 -6  7  1  10
 -6  7  1  11
 -2  3  1  11
 -4  3  1  11
 -4  5  1  11
 -4  7  5  11
 -2  5  3  10
 -6  5  3  12
 -2  1  1  11
 -4  3  1  11
 -4  1  1  11
 -6  3  3  10
 -2  1  1  11
 -4  3  3  10
 -4  3  1  10
 -4  3  1  10
 -6  3  3  12
 -6 13  1  11
-10  9  7  12
 -4  5  3  11
-10 11  1  10
 -4 15  5  11
 -8  3  1  11
 -8  3  3  10
 -4  5  3  11
-12  9  3  12
 -2  5  3  12
 -4  3  1  10
 -4  3  1  11
 -6  3  1  12
 -6  7  5  12
 -8 11  3  12
 -2  3  1  10
 -4  1  1  12
 -4  1  1  12
 -6  1  1  11
-10  5 -1  11
 -2  5  3  11
 -6  3  1  11
 -6 13  3  11
 -4  3  1  10
 -6  3  3  10
-10  7 -1  12
 -2  7  3  12
 -6  1  1  11
 -6  3  3  11
 -6  3  1  11
 -8  7  5  12
 -6  5  3  10
 -6  5  5  12
 -4  1  1  12
 -8  7  5  11
 -2  3  1  11
 -2  3  1  11
 -2  3  3  12
 -4  3  1  12
 -4  3  3  10
 -8  3  3  12
 -8  3  3  12
-10  3  1  12
 -2  1  1  12
-12  7  1  12
 -2  3  1  11
 -4  1  1  12
 -4  9  3  11
 -2  7  3  10
 -2  1  1  12
 -4  5  1  10
 -4  3  1  11
 -6  7  1  12
 -6  7  3  12
-10  7  5  11
 -2  3  3  12
 -8  3  3  12
 -6  3  3  12
 -6 13  1  12
 -6 15  3  11
 -6 13 11  11
 -6  9  5  12
 -2  3  3  12
 -4  1  1  10
 -4  3  3  11
 -6  7  1  12
 -8  5  3  10
 -4  9  5  12
 -2  3  3  10
 -2  3  1  10
 -4  5  5  10
 -2  1  1  10
 -4  3  3  11
 -8  3  1  12
-10  3  1  10
 -2  3  1  11
 -4  1  1  11
-10  9  3  12
-10  5  5  11
 -2  5  1  10
 -2  5  3  10
 -8 11  1  10
 -2  3  1  10
 -2  5  3  12
 -6  3  1  10
 -6  1  1  12
 -6  7  1  11
 -2  7  3  11
 -4  5  1  10
-14  9  3  10
 -6  5  5  10
 -2  5  3  12
 -4  3  1  12
 -4  5  3  12
 -4  3  1  11
 -2  1  1  12
 -4  1  1  12
 -2  3  1  11
 -4  1  1  11
 -6  1  1  12
 -8  9  1  12
 -8  3  1  10
 -6  7  5  11
 -4  1  1  10
 -8  3  3  10
 -6 11  5  12
 -6  9  1  10
 -2  3  1  11
 -4  1  1  10
 -4  5  3  11
 -6  3  1  11
 -2  1  1  12
 -4  1  1  11
 -4  3  3  11
 -4  7  3  12
 -6  9  1  11
 -6  7  3  10
 -8  7  1  10
 -4  3  3  10
 -4  3  1  10
 -2  1  1  12
 -4  1  1  10
 -4  3  1  11
 -6  3  3  11
 -4  7  3  12
 -2  1  1  12
 -4  1  1  10
 -6  5  5  12
 -6  9  1  12
 -2  1  1  12
 -2  5  5  12
 -2  7  5  11
 -8  5  5  12
 -8 11  7  11
 -4  3  1  12
-12  7  1  10
 -6  7  3  12
 -6 11  3  12
-12 11  5  10
-10  5  3  12
 -2  3  3  11
 -6 15 15  11
 -2  7  5  12
 -6  7  3  11
-12  3  3  12
-12 11  1  11
 -2  9  7  11
 -2  3  3  12
 -6  1  1  10
 -4  7  1  11
 -4  5  3  10
 -6  3  1  10
 -2  1  1  11
 -4  3  1  12
 -4  3  3  12
 -6  3  1  12
 -4  3  3  11
 -8  5  3  10
-10 11  7  11
 -4 13  1  12
 -2  1  1  12
 -4  3  3  12
 -6  5  1  12
 -6  3  1  10
 -8 11  3  12
 -6  9  7  12
 -8 13  5  11
 -6  7  3  11
-12  5  3  10
 -2  3  3  10
 -2  7  3  11
 -4  3  3  10
-10 13  1  10
 -2  5  1  10
 -4  3  1  10
 -6  9  1  10
 -8  9  3  12
 -2  5  1  11
 -4  3  3  11
 -6  3  3  12
-12  5  3  12
 -4  5  3  11
 -4  5  3  12
 -8  7  3  12
 -8  3  3  10
 -4  7  3  11
-10  5  1  10
 -8  7  7  12
 -6  5  1  12
 -2  1  1  11
 -4  1  1  12
 -6  5  1  11
-12  7  3  10
 -2  3  3  12
 -2  5  3  10
 -4  3  3  11
-10  3  1  11
-10  7  3  11
 -2  1  1  10
 -6  5  5  11
-10  3  1  11
 -4  1  1  12
 -6  7  3  12
 -8  3  1  12
 -2  3  1  10
 -2  3  3  10
 -2  3  1  11
 -4  5  3  11
 -6  7  1  11
 -4  1  1  10
 -4  3  3  11
 -6  5  3  12
-10 11  1  11
 -4  5  3  11
 -6  3  1  10
-10  1  1  12
 -8  1  1  12
 -2  3  3  10
 -4  7  5  10
 -4  7  3  11
 -4  5  1  11
 -6  1  1  12
 -6 11  7  11
 -8  9  5  12
 -6 11  7  12
 -2  3  3  10
 -4  3  1  10
 -4  5  1  10
 -4  1  1  11
-14  3  1  10
 -2 13  7  12
 -2  3  3  10
 -6  7  3  10
 -6 15  3  11
 -2  5  1  12
 -4  1  1  11
 -4  5  3  10
-10  7  3  12
-10  7  1  10
-14  5  3  12
 -2  7  5  12
 -4  3  3  12
 -6  3  3  11
 -4 11  5  12
 -2  3  3  12
 -2  3  3  11
 -4  3  1  10
 -6  1  1  11
 -4  3  1  12
 -6 15  3  11
 -2  1  1  12
 -4  1  1  12
 -6  3  1  12
-10  3  1  10
 -2 23 19  11
 -4  5  3  10
 -4  3  3  11
 -2  1  1  11
 -4  3  3  12
-10  7  3  10
 -4  9  7  12
 -2  5  3  10
 -8  7  1  11
 -6  9  1  11
 -2  5  5  12
 -4  5  5  12
 -4  3  3  11
 -4  7  3  11
 -6 15 13  12
 -4  3  1  10
-14  7  5  12
 -2  5  3  11
 -6  7  5  11
 -8  3  3  12
 -4  1  1  11
 -6  3  1  12
 -4  1  1  10
 -6  1  1  11
 -6  3  3  10
 -2  1  1  10
 -4  3  1  12
 -4  5  3  12
 -6  3  1  12
-10  3  3  10
-20  9  7  11
 -2  5  3  12
 -4  3  1  10
 -6  5  1  11
 -6 17  5  11
 -4  3  1  11
 -6  5  1  10
 -2  5  5  10
 -2  9  3  12
 -4  1  1  11
 -4  3  1  11
 -4  3  3  10
 -6  9  7  12
 -2  1  1  11
 -4  3  3  11
 -4 11  5  11
 -4  3  1  10
 -2  5  3  12
 -4  3  1  10
 -8  9  3  12
 -6  7  3  12
-10 11  3  12
-10  5  1  10
 -4  1  1  12
 -4  3  1  12
 -4  3  3  10
 -6  7  3  12
 -6  5  3  11
 -6  5  3  12
 -4  7  1  12
 -4  7  1  12
 -4  1  1  12
 -4  5  3  10
 -4  1  1  12
 -4  1  1  12
 -4  3  1  12
 -2  3  3  11
 -4  1  1  12
 -6  5  3  11
 -8  3  3  10
 -2  5  5  10
 -2  5  1  10
 -4  5  3  11
 -6 21  1  11
 -2  3  1  10
 -2  3  1  12
 -8  5  1  10
 -6  9  3  12
 -4  7  1  10
 -4  1  1  12
 -4  5  1  10
 -6 19  7  11
 -8 13  7  11
-16  9  1  12
 -2  3  3  11
 -4  1  1  10
 -4  5  5  12
 -4  7  3  11
 -4  5  1  11
 -6  9  1  10
-12  3  1  12
 -2  3  3  10
 -8  9  3  10
 -6  5  3  11
 -6 19  9  12
 -2  3  3  12
 -4  5  1  10
 -4  5  5  10
 -6  3  1  12
 -4  3  1  10
 -6  7  3  10
 -8  3  3  12
 -4  5  5  12
 -4  3  3  12
 -4  5  3  11
 -6  5  1  11
 -6  7  1  11
 -8  9  5  10
-10  9  3  12
 -2  3  3  11
 -2  7  3  11
 -2  1  1  11
 -8  7 -1  11
 -4  5  3  11
 -2  5  5  11
-10  7  7  10
 -6  3  3  11
-12  7  3  11
 -8 15 11  11
 -4  3  3  10
 -6 11  5  11
 -2  3  1  12
 -2  3  3  10
 -2  5  5  11
 -2  9  5  10
 -8  1  1  11
 -2  5  3  11
 -2  5  1  11
 -2  3  3  10
 -4  3  3  12
 -8  1  1  12
 -8  7  3  10
 -4  7  3  11
 -2  3  1  10
 -4  5  1  12
 -8  5  1  11
 -4  3  3  11
-10  9  1  12
-10  9  1  10
 -4  5  3  10
 -8  9  5  11
 -8  5  1  11
-16  7  5  12
 -2  5  3  10
 -6 11  5  12
 -2  1  1  10
 -4  3  1  10
 -4  5  1  10
-10  5  5  10
 -2  3  3  12
 -4  5  1  11
 -4  5  5  11
-12  7  3  12
 -2  5  1  10
 -8 13  1  10
 -2  1  1  12
 -4  1  1  10
 -4  9  3  12
-10  5  5  10
 -2  3  3  12
 -4  5  1  11
 -4  5  1  11
 -4  3  1  11
 -4  3  1  12
 -4  3  1  10
 -8  3  1  11
 -4  7  7  12
 -2  3  3  12
-12  3  1  12
 -4 21  1  11
 -4  3  1  11
 -4  3  3  10
 -6  5  1  11
 -6  3  3  10
-10  1  1  12
 -8 11  3  10
 -6 11  5  12
 -2  1  1  10
 -4  9  3  12
 -2  5  3  11
 -4 11  1  12
-10  7  1  12
 -2  1  1  10
 -4  3  1  10
 -4  7  3  10
 -2  1  1  10
 -4  3  1  11
 -4  1  1  11
 -6  1  1  11
 -4  5  1  10
 -4  1  1  10
 -2  3  3  11
 -2  3  3  10
 -4  3  3  11
 -4  5  1  11
 -6  5  1  10
 -4  5  3  12
 -8  3  1  11
 -2  3  1  10
 -2  1  1  10
 -4  5  5  11
 -6  7  1  11
 -8  5  5  11
 -2  3  1  10
 -6  1  1  12
 -8 11  3  10
-14  5  3  11
 -2  3  3  11
 -6  1  1  10
 -6  1  1  12
 -2  5  5  10
 -4  3  1  12
 -2  3  1  11
 -2  3  3  10
 -4  3  3  10
 -6  1  1  12
 -4  3  1  11
-10  1  1  11
-12  5  1  11
 -2  5  5  11
 -6 15  1  10
 -4 17  3  11
 -6  3  3  12
 -6  7  7  11
 -2  5  3  11
 -4  5  3  12
 -6  5  3  12
-10  3 -1  12
-10  1  1  12
 -6  9  3  11
 -2  3  1  11
 -2  3  3  10
 -8  9  7  12
 -2  5  3  10
 -2  3  3  10
 -2  9  5  11
 -4  7  3  11
 -6  3  1  12
 -6  7  3  11
 -4 11  7  10
 -4  7  1  10
 -8  5  3  12
 -2  7  3  12
 -4  1  1  11
 -4  3  1  11
 -4  5  3  10
 -6  1  1  10
 -2  3  3  11
 -2  3  1  12
 -4  1  1  11
 -4  1  1  12
 -4  3  1  11
 -2  5  3  10
 -4  7  1  10
 -6  5  3  12
 -8  1  1  12
 -6  3  1  11
 -8  3  1  10
 -6  3  3  11
 -8  3  1  11
 -8  3  1  12
 -6  5  3  11
 -8  5  3  12
 -2  3  3  12
-12  3  1  11
 -8 15  3  10
-10 17  9  12
 -8 17 11  10
 -8  7  1  10
-16  9 -1  10
 -2  1  1  12
 -2  5  5  10
 -6 11  3  12
 -4 13  3  10
 -2  9  3  11
 -4  7  5  10
 -8  7  1  12
 -4  7  5  12
 -2  5  5  12
 -4  3  1  10
 -6  3  3  10
 -6 15  1  12
 -8  9  1  12
 -6  5  1  11
 -2  3  3  12
 -4  1  1  12
 -4  3  3  11
 -8 17  3  11
 -8 11  1  11
 -6  3  3  10
 -6  7  1  11
 -6  7  1  11
 -2  3  3  11
 -4  5  1  12
 -8 11  3  11
 -6  3  3  12
 -4  3  3  12
 -8  5  1  10
 -6 13  1  12
 -8  9  5  10
 -6  9  9  11
-16  7  3  11
 -4  5  3  11
-10  9  1  10
 -2  3  3  12
 -4  3  1  11
 -6  3  1  11
 -6  1  1  11
 -6  1  1  10
 -6  1  1  11
 -6  7  5  12
 -6  5  1  12
 -2  7  3  10
 -4 15  5  11
 -2  3  3  10
 -6 11  1  11
 -6  3  3  11
-16  9  3  10
-12 11  9  10
 -4  3  1  10
 -6  3  1  11
 -2  1  1  11
 -4  3  1  12
 -4  3  1  12
 -2  3  1  11
 -4  1  1  10
 -4  5  3  11
 -6  5  3  10
 -2  5  3  11
 -6 13  5  11
 -4  9  7  12
-10  3  3  10
 -6  5  3  10
 -8  9  1  10
 -6  5  5  10
 -2  1  1  10
 -4  3  1  10
 -6  5  3  10
 -8 11  3  12
-10  3  1  12
 -8  7  1  11
 -8  7  1  12
-16 13  7  11
 -4  7  3  10
 -8 17  1  12
-10 11  3  10
-10  9  7  11
 -2  3  3  12
 -4  5  1  10
 -2 13  3  11
 -6  3  3  11
 -8  3  3  11
 -4  3  1  10
 -4  7  5  11
 -2  3  3  11
 -2  7  3  10
 -4  3  1  12
 -6 11  3  12
 -2  1  1  10
 -6  3  3  10
 -6  7  5  12
 -2  3  3  10
 -2  3  1  11
 -4  1  1  11
 -4  3  3  12
 -4  5  3  12
 -6  5  1  11
 -6  9  3  12
-14  7  1  11
 -8  3  1  11
 -8 13  3  12
 -8  9  3  11
 -6 11  5  12
 -4  1  1  11
 -4  3  3  10
 -4  7  7  12
 -2  5  5  12
 -8 19  3  12
 -2  3  3  12
-10  3  1  12
 -2  3  1  12
 -2  3  3  10
 -8  3  1  10
 -2  3  3  11
 -2  5  1  12
 -4  5  3  11
-10  1  1  11
 -6  5  1  12
-12  1  1  10
 -2  5  1  12
 -4  3  3  12
 -4  3  3  12
 -6  3  3  10
 -4  3  1  10
 -6  1  1  12
 -4  5  1  12
 -8  3  1  11
 -8 11  1  11
-12  5  1  12
 -2  3  3  11
 -2  7  3  12
 -4  7  3  10
 -2  5  3  12
 -4  3  1  11
 -4  1  1  11
 -6  1  1  10
 -2  3  1  11
 -4  5  3  10
 -4  7  5  10
 -4 11  7  10
 -2  3  3  10
 -2  3  1  10
 -4  5  1  12
 -8  1  1  12
 -8  7  5  11
 -6  9  9  10
 -6  7  3  10
 -4  7  5  10
 -4  1  1  12
 -4  3  1  10
 -8  3  1  11
 -8  3  1  10
-12  3  1  12
 -4  5  3  11
 -8  1  1  12
-12  7  7  10
 -4  3  3  12
 -4  7  1  12
 -8  1  1  12
 -6  3  1  10
 -6  3  1  10
 -6 15  5  11
 -2  3  1  11
 -4  1  1  10
 -4  5  3  11
 -2  5  3  10
 -2  1  1  11
 -4  1  1  11
 -4  1  1  11
 -2  3  3  11
 -2  3  1  12
 -2  1  1  12
 -2  5  3  10
 -6  5  3  12
 -2  1  1  11
 -4  3  1  11
 -4  1  1  11
 -4  3  3  12
 -4  5  3  10
 -6  3  1  10
 -8  3  1  12
 -8  3  3  10
 -6  5  3  12
 -8  7  3  12
 -2  3  3  11
 -4  1  1  11
 -4  1  1  11
 -2  1  1  12
 -2  7  3  10
 -2 13  3  11
 -4  1  1  12
 -6  3  3  12
 -4  5  5  10
 -8  3  1  12
 -4  7  7  12
 -2  1  1  10
 -4  1  1  11
 -4  3  1  10
 -4  3  1  11
 -6  5  1  12
 -2  5  3  10
 -2  7  1  10
-10  3 -1  11
 -2  3  3  12
 -2  3  3  11
 -4  3  3  11
-10 11  1  10
 -2  3  3  12
-12  1  1  10
 -6  9  3  11
 -8 17  9  11
-18  7  3  12
-14  7  7  11
 -8 11  7  10
 -2  3  1  10
 -2  5  1  12
 -4  7  3  10
-10 11  1  11
 -2  5  3  12
 -4  3  1  10
 -2  5  3  10
 -4  1  1  10
 -4  5  3  12
 -6  5  3  12
 -6 21  9  11
 -8  5  5  11
 -4  9  7  10
 -6  7  5  11
-10  3  1  11
 -2 13  5  11
 -2  3  1  12
 -2  3  3  11
 -4  3  1  11
 -6  5  3  11
 -8  3  3  10
-12  9  1  12
-12  3  1  12
 -2  3  3  12
 -4  3  3  10
 -2  3  3  11
 -4  5  3  11
 -8  1  1  12
 -4  5  3  10
 -2  3  1  11
 -2  3  1  10
 -2  3  3  11
 -2  3  3  12
 -6  9  7  12
 -8  5  3  12
-12  7  3  10
 -4  5  5  12
 -8  3  3  12
 -8  3  1  10
 -8  1  1  11
 -2  5  3  11
 -2  5  1  10
 -4  9  3  12
 -2  3  3  10
 -2  3  1  12
 -4  3  1  11
 -4  3  1  10
 -8  7  1  11
 -6  9  5  11
 -2  7  3  11
 -8  1  1  12
 -6  3  3  12
-10 13  7  11
 -2  3  1  12
 -6  1  1  12
-12  3  3  10
 -2  3  1  12
 -4  7  3  10
 -8  7  3  12
 -6  3  1  11
 -2  5  5  12
 -6  3  3  12
 -8  7  3  12
-12  5  5  11
-12  5  1  12
 -6  5  1  11
 -2  3  3  11
 -4  3  1  12
 -4  5  3  11
 -6  1  1  11
 -6  5  3  11
 -6  3  3  10
 -6  3  3  12
-14  3  1  12
 -2  7  3  12
 -4  3  1  11
 -6  7  5  12
 -6  3  1  10
 -2  3  3  10
-10 11  1  12
 -2  3  1  12
 -4  1  1  10
 -4  5  1  11
 -4  3  1  11
 -6  1  1  11
 -2  7  3  12
 -4  3  1  12
 -4  1  1  11
 -2  1  1  12
 -4  1  1  12
 -4  7  3  11
-14  7 -3  11
 -4  3  3  11
 -2  3  1  12
-10  7  1  10
 -2  3  1  11
 -2  3  3  11
 -6  1  1  11
 -8  1  1  10
-10  3  3  10
 -2  7  3  12
 -6  3  1  10
 -6  3  1  10
 -2  1  1  11
 -4  3  1  12
 -4  3  3  12
 -2  7  1  11
 -4  7  3  10
 -6 13  1  12
 -8  1  1  11
 -2  1  1  11
 -4  3  3  10
 -2  5  1  10
 -8 15 11  12
-10  1  1  10
-10  3  3  11
 -2  3  3  12
 -2  3  3  11
 -4  1  1  12
 -6  1  1  10
 -6  1  1  11
-10  3  1  10
 -4  5  1  11
 -8  3  3  11
 -8  7  1  11
-10  3  1  12
 -6  7  1  12
 -8  3  1  12
 -6  9  5  10
 -6  5  5  11
-10  3  1  10
-14 21  7  11
 -2  7  3  12
 -6  3  1  12
 -8  5  1  11
 -2  7  3  11
 -2  3  3  11
 -4  7  5  12
 -6 11  1  10
 -8 11  7  12
-12 15  5  11
-10  9  3  11
 -2  3  3  10
 -4  3  1  12
 -6  7  1  12
 -8  5  5  12
 -8 13  7  10
 -4  5  1  12
 -6  5  1  12
 -2  5  5  11
 -6  7  5  11
 -2  3  3  11
 -2  3  1  11
 -6  7  5  11
 -4  3  3  10
 -8  1  1  10
 -6  9  1  12
 -2  1  1  12
 -4  3  1  10
-12  7  3  10
 -4  5  1  10
 -2  3  3  10
 -4  7  3  11
 -4  3  3  10
 -6 11  5  11
 -8  5  1  10
 -4  3  3  10
 -2  3  3  10
 -2  7  3  11
 -2  5  3  12
 -4  3  1  11
 -6  3  1  12
 -8  1  1  11
 -2  7  3  11
 -2  3  3  12
 -2  3  3  11
 -4  3  1  10
 -4  5  3  12
 -4  1  1  12
 -4  7  1  11
-10  5  3  10
 -8  7  3  12
 -2  1  1  11
 -4  3  3  11
 -4  3  1  10
 -4  1  1  11
 -8  5  3  12
 -2  1  1  11
 -4  3  3  11
 -8 13  7  12
 -2  1  1  11
 -4  5  5  10
 -2  3  3  12
 -6  5  3  10
 -8  7  3  11
 -8 19 11  11
 -4  7  3  11
 -6  5  3  10
 -8  9  9  11
 -6  7  7  11
 -4  5  5  10
 -6 11  5  10
-10  3  1  10
-16  9 -7  11
 -2  3  3  12
 -4  1  1  10
 -4  5  3  11
 -4  5  3  11
 -4  7  1  11
-10  5  1  11
 -4  1  1  12
 -4  1  1  10
 -4 15  3  12
 -2  3  1  10
-10  1  1  11
 -8  9  7  11
 -2  7  3  12
 -4  1  1  10
 -6  5  3  10
 -8  9  5  12
-16  5  5  10
 -2  3  3  12
 -2  3  3  11
 -8  5  1  11
 -8  5  5  11
 -2  3  3  10
 -4  7  1  12
 -4  5  1  12
 -4  5  3  11
 -4  5  3  11
-12  3  1  11
-10  9  3  11
 -4  1  1  12
 -6  3  1  10
 -6  3  3  10
-14  7  7  12
 -2  3  3  10
 -4  3  1  12
 -6  1  1  12
 -6  3  3  12
-10  1  1  10
 -8 11  3  12
-16  5  3  11
 -2  3  1  11
 -4  1  1  12
 -4  3  1  10
 -4  1  1  12
-10  5 -3  10
 -2  1  1  12
 -4  3  1  10
-12  9 -5  10
 -6 17  7  11
 -2  3  1  10
 -4  5  3  10
 -2  3  3  11
 -4  3  3  10
 -8  3  1  12
 -8  5  3  12
 -2  5  3  11
 -4  5  1  11
 -4  3  1  11
 -6  5  5  11
-14 13  3  12
 -2  3  1  10
 -2  5  3  10
 -2  5  1  12
 -2  5  1  11
 -4  3  1  12
 -8  3  1  12
-14  1  1  12
 -8  5 -1  11
-10  9  7  10
 -2  5  1  11
 -4  3  1  10
 -4  5  3  12
 -8  9  1  11
-10  5  5  12
-12  3  3  12
-10  5  5  10
 -4  7  3  10
 -2  7  3  11
 -6  1  1  10
 -6  1  1  11
 -6  3  1  12
 -8  7  3  11
 -6  9  5  12
 -6 15  9  10
 -2  1  1  10
 -4  5  5  11
 -2  1  1  12
 -8  7  3  12
-10 11  3  12
 -8  9  3  10
 -2  9  3  11
 -2  5  1  12
 -4  3  1  10
 -4  1  1  11
 -6  5  1  12
 -8  1  1  12
-12  3  1  10
-10 13  5  10
 -8  9  3  12
 -2  1  1  12
 -4  1  1  12
 -4  7  5  10
 -6 11  7  10
-10 11  5  10
-14  7  3  11
 -8 17  5  10
-16  7  7  12
 -2  5  1  10
 -4  5  1  12
 -8  9  1  12
 -4  3  1  11
 -4  7  1  10
 -6 11  3  12
 -6  5  3  12
 -8  5  1  12
 -4  9  1  12
-10  7  1  11
 -2  3  3  11
 -8  5  3  11
 -8  3  3  10
 -8  9  7  10
-10  7  3  12
 -2  3  1  11
 -4  1  1  12
 -2  3  1  11
 -4  3  1  11
 -6  7  1  10
 -4  1  1  10
 -4  3  1  11
 -4  5  3  11
 -6  7  1  11
 -6  9  5  11
 -6  3  3  12
 -2  1  1  12
 -2  5  5  10
 -4  1  1  10
 -8 13  9  11
 -2  3  3  11
 -2  5  1  10
 -6  9  1  12
 -6  7  7  10
-12  3  1  12
 -8  9  1  11
 -8  3  1  11
 -2  5  3  12
 -4  1  1  12
 -8  9  9  11
 -8  5  1  12
 -2  3  3  11
 -2  7  3  12
 -4  5  1  12
 -4  5  3  11
 -8  3  3  12
-10  7  3  11
 -6  1  1  12
 -6  1  1  11
 -6  1  1  10
 -8  5  3  12
 -8  9  3  12
 -2  5  3  10
 -2  7  1  12
 -4  5  3  12
 -4  5  3  12
 -8  9  1  12
 -2  3  1  11
 -4  1  1  11
 -2  7  5  11
 -8  7  1  10
 -4 11  1  10
 -4 13  1  11
 -8  7  1  11
 -2  1  1  12
 -4  1  1  10
 -4  3  1  12
 -4  3  1  11
 -4  1  1  12
 -4  1  1  12
 -2  5  3  11
 -2  5  1  12
 -4  3  3  12
 -4  5  1  12
 -4  3  3  11
 -6 13  7  10
 -2  3  1  10
-12  3  1  10
 -4  1  1  10
 -8  7  1  12
-14  1  1  10
-10  7  1  11
-10  3  1  10
 -4  1  1  10
 -4  3  1  12
 -6  7  3  12
 -6  9  1  10
 -4  3  3  11
 -4  5  1  11
 -4  7  3  12
 -4  7  3  11
 -6  5  3  10
-10  3  1  10
-10  1  1  10
 -6  5  3  10
-12  7  3  12
 -4  1  1  10
 -8  1  1  11
-10  7  1  12
-10 17  9  10
 -2  1  1  11
 -4  1  1  11
 -4  5  1  12
 -4  5  3  12
 -2  3  1  11
 -4  3  1  12
 -4  3  1  12
 -6 11  5  10
 -2  3  3  10
 -2  3  1  12
 -4  5  3  11
 -6  3  3  11
 -6  1  1  12
 -6  3  3  10
 -4  1  1  11
 -4  5  1  10
 -6  5  3  10
-14  3  1  10
 -2  5  3  12
 -4  3  1  12
 -4  1  1  12
 -8  1  1  11
 -4 11  9  10
 -2  7  3  11
 -4  3  3  12
 -4  1  1  12
 -6  1  1  12
 -4  7  5  11
-14  3 -3  12
 -8  5  5  10
 -8  3  3  10
 -2  3  3  12
 -4  5  3  10
 -8  3  3  12
 -8  3  3  10
 -6  5  3  11
 -6  3  3  11
 -8  5  1  11
 -2  5  1  11
 -4  3  3  10
 -6  7  5  11
 -2  3  1  11
 -4  1  1  11
 -4  5  3  12
 -4  7  1  10
-10 11  3  11
 -8 11  9  11
 -2  3  1  12
 -4  1  1  10
 -4 13  7  10
 -4  3  3  12
 -4 13  5  12
 -4  3  1  11
 -4  1  1  10
 -6  3  3  10
 -2  3  3  12
 -4  1  1  10
 -2  5  5  10
 -2  3  1  11
 -2  7  3  10
 -4  5  1  11
 -2  3  1  12
 -4 13  5  11
 -6 11  5  11
 -4  3  3  11
-10  3  3  12
 -2  3  3  11
 -2  3  3  10
 -2  7  5  12
 -2  1  1  10
 -4  3  1  12
 -6  1  1  11
 -2  3  1  11
 -4  3  3  11
 -4  5  1  12
 -4  5  5  12
 -6  5  3  12
-14  3  3  10
 -4 17  3  10
 -6  5  1  10
 -6  5  3  10
 -6  5  5  11
 -8  5  1  11
 -6  1  1  11
 -2  5  3  11
 -4  5  3  11
 -8  3  1  10
 -2  3  3  12
 -4  3  3  10
 -4  3  1  12
 -8  3  1  12
-10  7  7  11
-10 13  3  10
 -2  3  3  12
-10  1  1  11
 -2  5  3  10
 -6  5  5  12
 -6  5  3  11
-10  5  1  10
 -4  3  1  12
 -6  3  1  11
 -6  3  1  12
 -6  5  3  11
 -6  5  5  10
 -8 11  7  11
 -2  3  1  10
 -4  7  3  11
 -6 15  1  11
 -2  7  3  12
 -4  1  1  12
 -4  3  1  12
 -2  1  1  11
 -4  1  1  11
 -4  1  1  12
 -4  3  3  11
 -4  3  3  11
 -6  5  1  10
 -2  3  1  11
 -2  3  3  10
 -4  3  1  10
 -2  3  1  12
 -4  1  1  11
 -8  9  1  11
 -8  7  5  10
 -6 11 11  12
-10  1  1  12
-10  3  3  10
 -8  3  3  12
-14  3  3  11
 -2  5  3  10
 -8  3  1  11
 -6 15  9  11
 -2  5  1  12
 -4  5  1  10
 -2  5  5  10
 -6  5  5  11
 -8  9  3  11
 -2  5  3  11
 -4  1  1  12
 -6  3  1  10
 -8  3  3  11
 -2  7  3  12
 -4  7  5  11
 -4  5  3  12
 -4  7  5  12
 -8 13  3  10
 -6  5  1  11
 -4  7  1  10
 -4  3  1  11
 -4  3  3  10
 -4  3  3  12
 -6  9  3  10
 -8  3  3  10
-16  5  3  12
 -2  5  3  10
 -2  3  3  12
 -4  5  3  11
 -8  3  1  10
-10  9  1  11
 -2  9  3  12
 -2  5  3  12
 -4  3  3  12
 -6  5  3  10
 -8  5  3  12
 -6  5  3  12
 -2  7  3  12
 -4 11  1  10
 -2  3  1  10
 -4  3  3  12
 -4  3  1  11
-16 11  3  11
 -2  3  1  12
 -4  7  1  12
 -6  5  1  10
 -6  7  5  11
 -2  3  1  11
 -4  1  1  10
-12  5  3  10
 -2  7  3  10
 -2  5  5  10
 -4  3  1  12
 -6  5  3  10
 -4  5  3  11
 -8  7  3  10
 -4  5  1  11
 -2  5  3  10
 -4  3  1  12
 -8  5  1  10
 -2  5  3  12
 -4  3  3  10
 -2  3  3  11
 -6  9  3  10
 -6  7  5  11
-10  5  3  10
 -4  3  1  11
 -4  1  1  12
 -4  5  3  11
 -4  5  1  12
 -6  5  1  11
 -6  3  1  12
 -6  7  3  11
 -6  5  1  11
-10  5  3  12
-10  5 -1  12
 -8  3  1  11
 -6  7  5  12
 -6 23  1  12
 -2  5  3  11
 -4  1  1  10
 -4 11  9  12
 -8  3  3  12
 -2  5  3  10
 -6  3  1  10
-10  3  3  12
 -6  3  3  11
 -2  3  1  10
 -2  5  1  12
-10  5  3  11
 -2 17  1  11
 -2  1  1  12
 -4  1  1  11
 -6  3  1  10
 -6  7  5  10
 -4  1  1  12
 -4  1  1  11
 -2  1  1  10
 -4  1  1  12
 -4  3  1  10
 -6  5  3  12
 -8  1  1  11
 -4  5  3  12
 -6  9  7  12
 -6  5  1  11
 -8  9  3  12
 -4  3  1  10
 -4  5  1  12
 -4  1  1  10
 -6  9  1  11
 -6  9  3  11
 -6  9  3  12
 -8 13  7  10
 -2  5  1  11
 -4  3  1  12
 -4  3  1  10
 -4  5  1  11
 -4  5  3  10
 -4  5  1  10
 -6  1  1  10
 -6  5  1  10
 -6  7  3  11
-10  9  1  12
-10  3  1  10
-12  3 -1  11
 -4 11  1  10
 -4  7  3  10
 -2  7  3  10
 -2  5  3  11
 -4  3  1  11
 -6  7  3  11
 -2  3  1  11
 -4  3  1  12
 -4  3  1  11
 -4  1  1  12
 -4  3  3  12
 -6  7  3  12
 -6  7  3  11
 -8 13  3  10
-10  3  3  11
 -4  7  3  11
 -2  5  3  10
 -8  1  1  12
-22  3  3  11
-12  7  7  11
-10  5  5  10
 -2  5  1  12
 -4  7  1  11
 -4  3  1  11
 -6  5  1  11
 -2  5  3  10
 -4  5  1  12
 -4  3  1  11
 -6  5  3  11
 -2  3  3  11
 -4  3  3  10
 -6  3  3  11
-14  9  1  12
 -8  3  1  10
-16  7  1  10
 -4  5  3  11
 -2  5  3  11
 -6  9  1  11
-10  3  1  12
-10  3  1  10
-14  5 -1  10
 -2  3  1  10
 -6  7  3  12
 -8  5  3  10
 -6  9  9  10
 -4 13  9  10
 -8  1  1  12
 -2  3  1  11
 -4  5  1  11
 -8  5  3  11
 -8  3  3  11
-16  3  1  12
 -4  3  1  11
 -6  3  1  12
 -4  7  5  12
 -8  5  1  11
 -2  1  1  10
 -4  1  1  12
 -4  3  3  12
-10  3  1  10
 -8 11  3  11
 -2  3  3  12
 -2  1  1  11
 -4  3  3  12
 -4  1  1  11
 -4  1  1  12
 -6 17  5  10
 -2  3  3  11
 -2  3  3  12
 -4  3  1  10
 -8  5  5  12
 -2  3  1  11
 -6  3  1  12
 -8 11  1  12
 -8  9  1  11
 -6 19  3  10
 -2  7  1  10
 -8  9  5  10
 -2  5  1  12
 -2  3  3  10
 -4  7  3  10
 -4  3  1  10
-10  9  3  12
-10  3  1  11
 -8 19  7  12
 -4  5  1  11
 -6  7  3  10
 -8 11  9  12
 -2  3  1  11
-10  5  3  10
 -2  3  3  10
 -2  3  1  11
 -2  7  3  11
 -6  5  5  11
 -2  3  1  12
 -6  3  1  10
 -6 11  9  11
 -2  3  3  12
 -2  3  1  11
 -4  3  3  11
 -2  7  3  11
 -2  5  3  12
 -4  5  1  12
 -4  7  1  11
 -8  5  3  11
 -2  3  3  10
 -4  5  3  12
 -6  5  3  10
 -8  9  5  12
 -4  1  1  11
 -6  3  1  10
-10  9  1  10
 -4  3  3  10
 -6  3  1  11
 -6  3  3  11
 -6  7  1  12
 -2  5  3  12
 -4  5  3  11
-10  5  1  10
 -8  7  3  12
 -8  7 -1  11
 -8  7  5  10
 -2  3  3  11
 -2  3  1  12
 -4  5  1  10
 -4  5  3  10
-14  9  1  10
 -2  1  1  10
 -6  3  1  12
 -6  5  3  12
 -4  5  1  12
 -8  5  3  10
 -2  7  3  12
 -6  1  1  10
 -6  3  1  10
 -6  5  5  11
 -6  5  3  12
 -8  7  5  12
-14  3  1  12
-12  7  3  11
-10  3  1  11
 -2  7  3  12
 -4  1  1  12
 -4  5  3  11
 -8 13  5  10
 -8  3  3  11
 -6 11  5  11
 -2  3  3  12
 -2  5  3  12
 -4  3  1  10
 -4  9  1  12
 -2  3  1  10
 -2  1  1  11
 -4  5  1  11
 -4  3  3  12
 -4  5  3  11
 -6  3  1  12
-10  5  3  12
 -8  5  5  11
-10  3  1  12
 -6  7  5  11
 -4  1  1  11
 -2  3  1  11
 -2  3  3  11
 -8  9  5  12
 -8  5  3  12
-12  7  3  11
 -8 17  3  12
 -6  7  3  12
 -8 19  3  11
 -6  3  1  10
 -2  5  3  12
 -4  3  1  11
 -4  3  1  10
 -4  3  1  12
 -4  5  1  11
 -4  7  1  12
 -8 11  3  12
-12  3  3  11
-10  1  1  12
 -2  3  3  11
 -4  3  3  12
 -6  5  5  11
 -6  9  5  11
 -8  3  1  10
 -4  3  3  10
-12 15  3  10
 -4  5  5  10
 -8  1  1  11
 -2  3  3  10
 -2  3  3  11
 -2  3  3  12
 -4 11  1  10
 -2  5  3  12
 -4  1  1  10
 -6  1  1  12
 -4  3  3  10
 -6  7  7  12
-10  5  1  10
 -2  1  1  12
 -8  1  1  10
 -4  5  1  12
 -8  5  3  10
 -2  3  1  12
 -4  3  3  11
 -8  3  1  11
 -8  3  3  11
-10  3  3  12
 -2  5  3  11
 -6  1  1  10
 -6  7  5  10
 -2  3  1  11
 -2  5  1  10
-12  5  5  12
-10  5  3  10
 -2  1  1  11
 -4  1  1  11
 -4  1  1  11
 -4  5  1  11
-10  5  3  10
 -4 11  3  12
 -4  1  1  12
 -6  3  1  11
 -6  1  1  11
 -8  3  1  12
 -6  7  3  12
 -4  3  1  12
 -8  7  3  12
 -6  3  1  11
 -2  3  3  11
 -2  7  3  11
 -8  3  1  12
 -8  1  1  10
 -2  1  1  10
 -4  1  1  11
 -4  1  1  10
 -4  1  1  12
 -4  7  3  12
 -6  5  3  11
 -8  3  1  12
 -6  5  5  10
 -2  3  1  11
 -4  1  1  11
 -2  5  3  10
 -6  1  1  11
 -6  5  1  11
 -4  5  5  12
 -8  7  3  12
 -6  3  1  10
 -8  9  5  11
 -2  5  3  12
 -4  5  1  12
 -4  5  1  10
 -8 11  1  12
 -8  7  5  12
 -6 13  9  10
-12  3  1  12
 -2  1  1  10
 -4  1  1  10
 -6  3  1  10
 -6  5  1  11
 -6  3  1  12
-14  7  3  11
 -2  5  3  12
 -6  3  1  11
-10 11  3  12
-10  3  3  11
 -8  1  1  11
 -8  3  1  12
 -2  5  3  11
 -6  5  1  12
 -6  3  1  11
 -6  3  1  11
 -8  3  1  11
 -2  1  1  10
 -4  1  1  10
-14  7  3  11
 -4  3  1  11
 -4  5  1  10
 -6  1  1  11
 -4  3  3  12
 -8  9 -1  11
 -4  7  1  11
 -2  1  1  11
 -6  3  3  11
 -6  9  3  10
 -2  3  1  11
 -2  5  1  11
 -8  3  1  10
 -2  3  3  12
 -4  3  3  12
 -6 11  1  11
-10  1  1  12
-12  3  3  12
-10  5  3  11
 -2  3  3  12
 -4  1  1  11
 -6  1  1  11
 -8 11  9  11
 -2  9  5  11
 -2  5  3  11
 -6  3  3  11
-10  5  1  12
-12  3  3  10
 -4  5  3  10
 -6  9  3  10
 -8  7  5  10
 -6  5  5  11
 -2  3  3  10
 -2  7  3  10
 -6  3  1  11
 -2  5  3  11
 -4  3  1  11
 -6  7  3  12
 -6  5  3  12
 -4  1  1  10
 -4  5  3  11
 -4  5  3  10
-12  3  3  12
 -2  1  1  12
 -4  1  1  12
 -8  7  5  12
-10  9  5  11
 -4  5  3  10
 -8  5  3  10
 -6  7  5  10
 -6  7  3  10
 -6  1  1  12
 -8  3  3  11
 -4  1  1  10
 -6  3  1  10
 -8  3  3  11
 -2  5  3  10
 -2  5  3  12
 -4  3  1  11
 -4 19 15  10
 -8 11  3  11
 -4  5  3  12
 -2  3  1  11
 -4  5  1  10
 -2  1  1  12
 -6 11  9  11
 -2  3  3  10
 -4  7  5  11
-10  9  1  10
 -2  5  3  12
 -6  5  3  10
 -4 17  9  12
 -2  5  3  11
 -6  3  1  12
 -4  3  3  12
 -6 11  5  12
 -8  3  1  11
 -6  3  3  10
 -2  3  1  11
 -8  1  1  12
 -2  3  3  11
 -4  5  3  10
 -4  3  1  12
 -6 11  3  11
 -4  7  7  12
-16  1  1  11
 -8 25  5  12
 -2  5  3  11
 -4  3  3  11
 -4  7  5  10
-12  7 -3  10
 -6  9  7  11
 -2  3  3  12
 -4  5  1  12
 -4  5  1  10
 -2  5  5  10
 -8  1  1  10
 -8  7  3  12
 -2 11  7  11
 -2  5  1  10
 -2  5  3  10
 -4  7  3  12
 -4  3  1  10
 -6 17  5  10
 -8 11  5  11
 -2  5  3  11
 -2  5  3  10
 -6  9  3  11
 -4  5  3  11
 -6  5  3  11
-10  9  3  12
 -4  7  3  11
 -6  5  3  10
-16  3 -3  10
 -2  1  1  10
 -4  3  1  10
 -4  5  1  10
-10  9  1  11
 -8  5  1  11
 -6  3  1  10
 -6  5  5  11
-10  5  3  10
 -8 23 11  10
 -4  9  5  10
 -6  7  5  10
 -8  1  1  11
 -2  5  1  11
 -8  1  1  12
-12 19  3  10
 -4 17 13  12
 -4  1  1  12
 -4  5  1  10
 -6  7  3  11
 -6  1  1  10
 -6  5  5  11
 -2  1  1  10
 -4  3  1  12
 -4  3  1  11
 -2  3  3  10
 -2  7  5  12
 -4  3  1  11
 -6 11  3  12
-14  9  7  12
 -4  5  3  10
 -4  3  1  12
 -4 13  3  12
 -2  5  1  12
 -4  3  1  10
-14  3  3  11
 -2  7  3  10
 -4  3  3  10
 -6  1  1  12
 -8  5  3  11
 -8  5  3  12
 -4  3  3  11
 -2  3  3  12
 -6  3  3  10
 -4  5  1  12
 -4  5  5  10
 -4  3  3  12
 -6  5  3  10
 -2  3  1  11
 -6  3  1  11
 -2  3  1  11
 -4  5  3  12
 -6  9  5  10
 -4 17  3  10
 -2  5  3  10
 -8  5  1  12
 -4  5  1  12
 -8 11  5  11
 -2  1  1  10
 -4  3  1  12
 -8  3  1  12
 -8  3  1  11
 -2  1  1  12
 -4  1  1  10
 -4  3  1  12
 -4  5  3  10
 -6  1  1  12
 -8 11  5  11
 -4 17  9  12
 -6  9  1  10
 -4  1  1  10
 -4  7  3  11
 -4  7  5  10
 -4  9  7  12
 -2  3  3  12
 -4  5  1  12
 -6  1  1  11
-10  3  3  11
 -8  9  3  10
 -8  3  3  12
 -2  7  5  11
 -4  5  3  11
 -2  3  3  11
 -4  1  1  11
 -4  3  3  11
 -4  5  3  11
 -2  3  3  10
 -2  5  5  12
 -4  5  3  10
 -2  1  1  10
 -4  1  1  12
 -4  1  1  11
 -4  5  5  11
 -4  5  3  11
 -6 11  3  10
 -4  9  5  12
 -2  3  3  10
 -2  7  3  10
 -4 17  3  10
 -2  5  3  10
 -2  5  1  12
 -6  7  5  10
 -6 11  3  12
 -6  9  1  11
 -2  1  1  12
 -4  1  1  12
 -8  1  1  10
 -4  7  5  11
 -6  7  7  11
 -2  9  5  11
 -6  3  1  10
 -8  7  1  11
-16  7  5  12
 -2  7  7  11
 -6  3  1  12
 -6  9  5  12
-12  5  1  12
 -4  1  1  11
 -6  5  3  11
 -4  5  1  11
 -2  9  5  12
 -4  3  1  12
 -4  3  3  11
 -8  3  3  12
 -2  3  3  12
 -4  5  1  11
-10  3  1  12
 -6  3  3  12
 -6 11  1  12
 -4  1  1  11
 -4  1  1  11
 -4  5  1  11
 -4  3  3  12
 -8  5  3  11
-10 11  5  12
 -4  1  1  12
-10  7 -1  11
 -6  5  5  11
 -6 13 13  11
 -4  7  3  11
 -4  7  1  11
 -6  1  1  10
 -8  5  3  12
 -6  7  3  10
-10  7  3  11
 -6  9  7  11
 -8 23 13  11
 -2  3  1  11
 -2  5  1  10
 -4  3  1  11
 -4  5  3  10
 -2  5  1  12
 -2  5  3  11
 -6  3  3  11
 -4  3  1  12
 -6  3  1  10
 -8  5  3  12
-14  3  3  10
 -4  3  1  12
 -6  1  1  10
 -4  5  3  12
 -4  3  3  11
 -6 15  3  11
 -6 11 11  11
 -6  7  7  11
 -6  5  1  12
 -6  3  1  12
 -2  3  1  10
 -4  3  1  10
 -4  7  3  10
 -6  5  1  12
 -6  5  1  12
 -6  3  1  11
 -2  7  3  11
 -4  5  3  11
-10  7  7  12
 -2  3  1  11
 -6 15  1  11
 -2  5  3  10
 -4  7  5  11
-18 11  3  12
-14 19  7  12
 -2  1  1  12
 -6  1  1  12
 -6  7  3  11
