  1  3  31
  1  3  31
  3  4  41
  1  3  31
  3  3  51
  5  5  5-1
  1  3  30
  3  4  42
  5  5  52
  7  6  61
  1  3  30
  5  5  52
  1  3  30
  3  4  42
  1  3  30
  3  4  41
  1  3  31
  3  4  41
  1  3  31
  1  3  31
  3  3  51
  5  4  62
  7  4  81
  9  6  81
  1  3  31
  3  4  4-1
  5  5  51
  1  3  31
  1  3  30
  3  4  40
  5  5  51
  1  3  31
  1  3  30
  3  3  52
  5  4  62
  1  3  31
  3  4  41
  1  3  30
  3  4  40
  5  4  6-1
  7  6  6-1
  9  7  72
 53 26 322
  1  3  32
  3  4  41
  5  5  52
  7  6  62
  1  3  30
  3  4  41
  5  5  52
  1  3  31
  3  4  42
  1  3  32
  1  3  30
  3  4  42
  9  7  72
  1  3  31
  3  4  42
  1  3  31
  1  3  30
  3  4  41
  1  3  30
  1  3  30
  3  4  41
  5  5  52
  7  6  62
 47 26 261
  1  3  32
  3  3  5-1
  5  5  52
  7  6  62
  1  3  30
  3  4  40
  1  3  30
  3  4  42
  1  3  31
  3  4  42
  1  3  30
  3  4  42
  5  5  51
  1  3  32
  3  4  41
  1  3  30
  3  4  42
  5  5  51
  1  3  31
  3  3  5-1
  5  5  52
  1  3  30
  3  4  42
  5  5  52
  1  3  30
  3  4  42
  5  5  52
  7  6  62
  1  3  32
  3  4  40
  5  5  52
  1  3  31
 39 22 222
  1  3  30
  3  4  41
  1  3  31
  3  4  42
  1  3  32
  3  4  4-1
  1  3  32
  3  4  40
 59 31 33-1
  1  3  32
  3  4  42
  1  3  30
  1  3  31
  3  4  42
  1  3  30
  3  4  40
  9  7  72
  1  3  32
  3  4  41
  5  5  52
 59 31 33-1
  1  3  30
  3  4  40
  5  4  61
  7  6  62
  9  7  72
  1  3  32
  1  3  32
  3  4  42
  5  5  50
  1  3  32
  3  4  41
  5  5  52
  1  3  31
  1  3  30
  3  4  42
  1  3  32
  3  4  42
 15 10 101
  1  3  31
  1  3  31
  3  4  41
  5  5  52
  7  6  62
 59 27 37-1
  1  3  31
  1  3  30
  3  4  41
  5  5  52
  1  3  30
  3  4  40
  5  4  61
  7  6  61
  1  3  32
  3  4  42
  5  5  52
 11  8  81
  1  3  32
  3  4  42
  1  3  31
  3  4  42
  1  3  30
  1  3  31
  3  4  41
  1  3  30
  3  4  40
  5  5  52
  7  6  61
  9  7  72
  1  3  32
  3  4  40
  5  5  51
  7  6  60
  9  6  82
  1  3  31
  1  3  31
  3  4  42
  1  3  30
  3  4  41
  1  3  32
  3  4  42
 51 27 292
  1  3  31
  3  4  41
 58 31 32-1
  1  3  30
  3  4  40
 58 31 32-1
  1  3  30
  3  4  41
 58 31 32-1
  1  3  30
 58 31 32-1
  1  3  30
  3  4  42
  5  5  52
  7  6  61
  9  7  72
 58 31 32-1
  1  3  30
  3  4  41
  5  5  52
  7  6  61
 58 31 32-1
  1  3  31
  3  4  40
 58 31 32-1
  1  3  30
  3  4  41
 58 31 32-1
  1  3  31
  1  3  30
  3  4  4-1
  5  5  51
  7  5  72
  9  6  81
 11  8  82
  1  3  30
  3  4  41
  1  3  30
  3  4  41
  1  3  31
  1  3  31
  3  4  41
  1  3  30
  3  4  42
  1  3  31
  3  4  41
  1  3  30
  3  4  42
  1  3  31
  9  7  72
  1  3  32
  3  4  4-1
  1  3  31
  3  4  42
  5  5  52
  7  6  60
  1  3  31
  3  4  4-1
  1  3  31
  1  3  32
  3  4  41
  5  4  60
  7  6  61
  1  3  32
  3  4  40
  5  4  62
  7  6  61
 59 32 32-1
  1  3  30
  3  4  40
  1  3  32
  3  4  42
 11  7  91
 13  9  92
  1  3  30
  3  4  42
  5  5  51
  7  6  62
 29 17 172
 43 23 251
  1  3  31
  1  3  31
  3  4  41
  1  3  30
  3  4  42
  1  3  31
  3  4  40
  1  3  30
  3  4  41
  1  3  30
  3  4  40
  5  5  5-1
  1  3  32
  3  4  41
  1  3  30
  3  4  40
  5  5  52
  7  6  62
 51 28 282
 53 24 342
 55 28 32-1
  1  3  32
  3  4  41
  5  5  52
  1  3  31
  3  4  41
  1  3  32
  3  4  42
  1  3  31
  1  3  32
  3  4  41
  5  5  51
  1  3  30
  3  4  42
  5  5  52
  1  3  30
  1  3  31
  1  3  31
  7  6  62
  1  3  31
  3  4  40
  1  3  30
  3  4  41
  5  5  52
  1  3  32
  3  3  5-1
  5  4  62
  1  3  31
  3  4  42
  5  5  51
  1  3  32
  3  4  41
  7  6  60
 25 14 162
 27 16 162
  1  3  32
  3  4  40
  9  7  71
 11  8  81
 13  9  92
 15  8 120
 17 10 122
  1  3  31
  3  4  42
  1  3  32
  3  4  41
  5  5  51
 49 27 272
  1  3  30
  3  4  41
  1  3  30
  3  4  41
  1  3  30
  3  4  42
  1  3  31
  3  4  41
  5  5  52
  1  3  32
  3  4  42
  1  3  31
  3  4  41
  1  3  30
  3  4  42
  5  5  52
  1  3  31
  3  4  42
  1  3  30
  3  4  42
  5  5  52
  7  6  61
  1  3  31
  1  3  32
  3  4  42
  9  7  71
  1  3  30
  1  3  31
  3  4  40
  1  3  32
  3  4  4-1
  1  3  32
  3  4  40
  5  5  51
  1  3  30
  3  4  40
  5  5  52
  1  3  31
  3  4  4-1
  1  3  32
  1  3  30
 59 27 37-1
  1  3  30
  3  4  41
  5  5  52
 58 31 32-1
  1  3  30
  3  4  41
  5  5  51
 58 31 32-1
  1  3  31
  3  4  40
  5  5  52
  1  3  32
  1  3  31
 58 30 33-1
  1  3  30
  3  3  51
  5  4  61
  7  6  61
  9  7  71
 58 30 33-1
  1  3  30
 58 30 33-1
  1  3  30
  3  4  41
 58 30 33-1
  1  3  32
  3  4  40
  5  5  52
 58 30 33-1
  1  3  32
  3  4  41
 58 30 33-1
  1  3  32
  3  4  42
  5  5  51
  7  6  62
  9  7  71
 58 30 33-1
  1  3  30
  3  4  41
  5  5  52
  7  6  62
 58 30 33-1
  1  3  30
  3  4  41
 58 30 33-1
  1  3  30
  3  4  40
  5  5  51
 58 30 33-1
  1  3  31
 57 28 342
 58 30 33-1
  1  3  32
  3  4  40
 58 30 33-1
  1  3  32
  3  4  41
 58 30 33-1
  1  3  32
 58 30 33-1
  1  3  32
  3  4  41
  5  5  52
 58 30 33-1
  1  3  30
  3  4  42
 58 30 33-1
  1  3  31
  3  4  41
  5  5  52
 58 30 33-1
  1  3  31
  3  4  42
 58 30 33-1
  1  3  30
 58 30 33-1
  1  3  30
  3  4  42
 58 30 33-1
  1  3  31
  3  4  42
  5  5  52
  9  7  71
 13  8 101
 58 30 33-1
  1  3  30
  3  4  40
 58 30 33-1
  1  3  32
  3  4  42
 58 30 33-1
  1  3  32
  3  4  40
  5  5  51
  9  6  80
 11  7  91
 13  8 102
 58 30 33-1
  1  3  30
 58 30 33-1
  1  3  30
 58 30 33-1
  1  3  32
  3  4  40
  5  5  52
 58 30 33-1
  1  3  30
  3  4  42
 53 29 291
 58 30 33-1
  1  3  32
  3  4  42
 58 30 33-1
  1  3  32
  3  4  41
  1  3  31
  1  3  31
  3  4  40
  5  5  52
  1  3  30
  3  4  42
  1  3  31
  3  4  4-1
  5  5  50
  1  3  30
  3  4  4-1
  1  3  32
  3  4  42
  5  5  50
  7  6  61
  9  6  82
 11  8  80
 17 11 111
  1  3  31
  3  4  40
  1  3  30
  3  4  42
  5  5  50
  7  6  61
  9  7  72
  1  3  32
  3  4  41
 55 29 311
  1  3  32
  3  4  4-1
  1  3  31
  3  4  41
  1  3  32
  3  4  40
  1  3  30
  3  4  40
  5  5  50
  1  3  31
  3  4  41
  1  3  32
  3  4  41
  7  6  62
  1  3  32
  1  3  31
  3  4  4-1
  5  5  52
  7  6  62
  9  7  71
  1  3  31
  3  4  41
  1  3  31
  3  4  40
  1  3  30
  3  4  41
  5  5  51
  1  3  32
  3  4  42
  5  5  50
  7  6  62
  1  3  31
  3  4  41
  5  5  52
  1  3  32
  3  4  41
  1  3  30
  3  4  42
 13  8 102
  1  3  32
  3  4  42
  1  3  30
  3  4  41
  5  5  52
  1  3  32
  3  4  41
  5  5  52
  1  3  31
  3  4  42
  1  3  30
  3  4  40
  1  3  30
  1  3  32
  3  4  42
  1  3  30
  3  4  40
  1  3  30
  3  4  41
  5  5  52
  9  7  72
 52 27 301
  1  3  30
  3  4  40
 52 27 301
  1  3  30
  3  4  42
 52 27 301
  1  3  31
  3  4  42
 52 27 301
  1  3  30
  3  4  41
 52 27 301
  1  3  32
  3  4  42
  5  5  51
 52 27 301
  1  3  32
  3  4  4-1
 52 27 301
  1  3  30
  3  4  42
  5  5  51
 52 27 301
  1  3  31
  3  4  41
  5  5  52
 52 27 301
  1  3  31
  3  4  42
 52 27 301
  1  3  32
  1  3  32
  3  4  41
  5  5  52
  1  3  32
  3  4  42
  5  5  51
  1  3  32
  1  3  31
  3  4  4-1
  5  5  52
  1  3  32
  3  4  42
  5  5  51
  7  4  82
  9  6  81
 11  8  81
 13  9  92
  1  3  30
  3  4  4-1
  5  5  51
  1  3  30
  3  4  42
  1  3  32
  3  4  41
  1  3  30
  3  4  42
 43 22 261
 57 30 32-1
  1  3  32
  3  4  41
 17 10 121
 19 12 122
  1  3  30
 58 27 36-1
  1  3  32
  3  4  40
  5  5  51
 58 27 36-1
  1  3  31
  3  4  41
 58 27 36-1
  1  3  30
  3  4  41
 58 27 36-1
  1  3  31
  3  4  41
 58 27 36-1
  1  3  30
  1  3  31
  1  3  31
  3  4  42
  1  3  32
  3  4  42
 11  8  82
 13  8 102
  1  3  31
  5  5  51
  1  3  32
  3  4  40
  5  5  52
  1  3  31
  1  3  32
  3  4  40
  1  3  30
  3  4  41
  5  5  52
  1  3  32
  3  4  40
  5  5  50
  1  3  32
  3  4  42
  5  5  51
  7  6  62
  1  3  30
 11  8  80
 13  9  90
  1  3  31
  3  4  42
  1  3  32
  3  4  42
  7  6  61
  1  3  32
  3  4  41
  1  3  32
  1  3  32
  3  4  42
  5  5  51
  1  3  32
  3  4  42
  1  3  32
  3  4  41
  5  4  62
  7  5  72
  9  6  82
 15  9 112
  1  3  30
  3  4  42
  5  5  52
 57 30 32-1
  1  3  32
  3  4  42
  5  5  51
  1  3  32
  1  3  30
  3  4  41
  5  5  52
  7  6  62
  1  3  32
 55 27 331
 58 29 34-1
  1  3  31
  3  4  41
  5  5  51
  7  6  61
 58 29 34-1
  1  3  30
  3  4  41
  5  5  51
 58 29 34-1
  1  3  32
  3  4  42
  1  3  32
  3  4  40
  9  7  70
  1  3  32
  1  3  30
  3  4  41
  1  3  30
  1  3  31
  3  4  40
 52 23 34-1
 54 28 31-1
  1  3  31
  3  4  42
 11  8  81
 13  9  92
 15 10 100
 52 23 34-1
 54 28 31-1
  1  3  32
  3  4  40
 52 23 34-1
 54 28 31-1
  1  3  32
  3  4  41
  5  5  52
 52 23 34-1
 54 28 31-1
  1  3  30
  3  4  42
  5  5  52
 52 23 34-1
 54 28 31-1
  1  3  32
 52 23 34-1
 54 28 31-1
  1  3  32
 52 23 34-1
 54 28 31-1
  1  3  31
  3  4  40
  7  6  60
  9  7  72
 52 23 34-1
 54 28 31-1
  1  3  32
  3  4  41
 52 23 34-1
 54 28 31-1
  1  3  30
  3  4  41
 52 23 34-1
 54 28 31-1
  1  3  30
  1  3  31
  3  4  40
  1  3  31
  3  4  41
  1  3  30
  1  3  32
  3  4  41
  1  3  30
  3  4  41
  5  5  5-1
  1  3  32
 59 28 36-1
  1  3  31
  3  4  40
  5  5  51
  7  6  62
  1  3  32
  3  4  41
  1  3  30
  3  4  40
 54 28 312
 56 26 351
 58 22 41-1
  1  3  32
  3  4  42
  5  5  51
 54 28 312
 56 26 351
  1  3  32
  3  4  42
 54 28 312
 56 26 351
  1  3  31
  3  4  4-1
  5  5  52
  7  5  7-1
  9  6  82
 11  7  92
 54 28 312
 56 26 351
  1  3  32
  3  4  41
  5  5  52
 54 28 312
 56 26 351
  1  3  30
 54 28 312
 56 26 351
  1  3  32
  3  4  42
 54 28 312
 56 26 351
  1  3  32
  3  4  41
 54 28 312
 56 26 351
  1  3  30
  3  4  40
 54 28 312
 56 26 351
  1  3  30
  3  4  4-1
  5  5  51
  7  6  62
 54 28 312
 56 26 351
  1  3  32
  1  3  32
  3  4  42
 58 30 33-1
  1  3  30
 58 30 33-1
  1  3  31
  3  4  41
  5  5  52
 58 30 33-1
  1  3  32
 58 30 33-1
  1  3  32
  3  4  41
 58 30 33-1
  1  3  32
 58 30 33-1
  1  3  31
  3  4  40
 58 30 33-1
  1  3  30
  3  3  52
  5  5  51
 58 30 33-1
  1  3  32
 58 30 33-1
  1  3  32
  3  4  4-1
 58 30 33-1
  1  3  31
  3  4  41
  5  5  52
  1  3  30
  3  4  41
 43 20 282
  1  3  32
  3  4  41
  5  5  52
  1  3  32
  1  3  31
  3  4  40
  5  5  52
  1  3  30
  3  4  41
  5  5  52
  7  4  81
  9  6  81
 11  8  80
  1  3  30
  3  4  42
  5  5  52
  7  6  62
  9  7  72
  1  3  30
  3  4  41
  5  5  52
  1  3  30
  3  4  41
  5  5  52
  9  7  70
  1  3  30
  3  4  42
  5  5  52
  1  3  32
  3  4  42
  5  5  52
  7  6  62
  9  7  70
 11  8  80
  1  3  32
  3  4  41
 54 29 30-1
 56 30 31-1
 59 32 32-1
  1  3  31
  3  4  41
 54 29 30-1
 56 30 31-1
 59 32 32-1
  1  3  31
 54 29 30-1
 56 30 31-1
  1  3  31
  3  4  41
  7  6  62
 54 29 30-1
 56 30 31-1
  1  3  32
  3  4  42
 11  8  82
  1  3  32
 13  9  92
 58 31 32-1
  1  3  31
 58 31 32-1
  1  3  32
  3  4  4-1
  1  3  30
  3  4  41
  5  5  52
  1  3  31
 58 28 35-1
  1  3  30
  3  4  41
  5  5  52
 58 28 35-1
  1  3  31
  3  4  41
  5  5  52
 58 28 35-1
  1  3  31
  3  4  40
  1  3  31
  3  4  41
  5  5  51
  1  3  30
  3  4  4-1
  5  5  51
  7  5  70
  9  7  71
 11  8  82
 13  9  92
  1  3  31
  1  3  30
  3  4  40
  1  3  32
  3  4  41
  5  5  52
 55 28 320
  1  3  30
  1  3  32
  3  4  4-1
  1  3  30
  3  4  40
  5  5  50
  1  3  32
  3  4  41
  5  5  52
  1  3  30
  3  4  40
  5  5  50
  9  6  8-1
 11  8  80
  1  3  32
  1  3  32
  1  3  32
  3  3  5-1
  5  5  52
  1  3  31
  3  4  42
  1  3  31
  3  4  42
 45 21 292
  1  3  32
  3  4  42
  5  5  51
  7  5  71
  9  6  82
 11  8  81
 58 30 33-1
  1  3  30
  3  4  42
 58 30 33-1
  1  3  32
  3  4  40
  5  5  51
 58 30 33-1
  1  3  31
  3  4  42
 58 30 33-1
  1  3  32
 58 30 33-1
  1  3  31
 58 30 33-1
  1  3  30
  3  4  41
  5  5  51
  1  3  31
  1  3  31
  3  4  42
  5  5  51
  1  3  30
  3  4  41
  5  5  52
  1  3  31
  3  4  42
  1  3  31
  3  4  40
 58 27 36-1
  1  3  32
  3  4  41
  5  4  61
  7  6  60
 58 27 36-1
  1  3  30
  3  4  41
 58 27 36-1
  1  3  30
  3  4  42
 58 27 36-1
  1  3  30
 58 27 36-1
  1  3  31
  3  4  4-1
  5  5  52
  7  6  61
  1  3  31
  3  3  52
  5  4  62
  7  6  62
  1  3  31
  3  4  4-1
  5  5  52
  7  6  60
  1  3  30
  3  4  42
  1  3  32
 39 22 221
  1  3  30
  3  4  41
  1  3  32
  3  3  5-1
  5  5  52
  1  3  31
  3  4  41
  1  3  32
  1  3  32
  3  4  41
  1  3  31
  3  4  41
  1  3  31
  3  4  41
  5  5  51
 58 31 32-1
  1  3  31
 58 31 32-1
  1  3  31
  3  4  42
  5  5  52
 11  8  81
 58 31 32-1
  1  3  30
  3  4  42
  5  5  51
  7  6  62
 58 31 32-1
  1  3  30
 58 31 32-1
  1  3  31
  3  4  41
  5  5  52
 58 31 32-1
  1  3  31
 57 31 31-1
 58 26 37-1
  1  3  30
  3  4  41
 58 26 37-1
  1  3  32
 58 26 37-1
  1  3  30
  3  4  42
 58 26 37-1
  1  3  31
  3  4  42
 58 26 37-1
  1  3  31
  3  4  41
 58 26 37-1
  1  3  30
  3  4  40
  5  5  5-1
 58 26 37-1
  1  3  30
  3  4  40
  5  4  6-1
  7  6  62
  9  6  82
  1  3  31
  3  4  42
 56 29 32-1
 58 30 33-1
  1  3  32
  3  4  40
  1  3  32
  3  4  4-1
  1  3  31
  3  4  41
  1  3  30
 57 30 32-1
  1  3  31
  1  3  32
  3  4  42
  1  3  30
  3  4  41
  1  3  32
  3  4  41
  1  3  31
  1  3  30
  3  4  42
  5  5  52
  1  3  31
  7  6  62
  1  3  31
  3  4  40
  1  3  31
  3  4  40
 11  8  82
  1  3  32
  1  3  30
  1  3  31
  3  4  41
  1  3  31
  3  4  42
  5  5  52
  1  3  30
  7  6  60
 11  8  81
  1  3  31
  3  3  51
  1  3  32
  3  4  42
  5  5  50
 57 29 33-1
  1  3  30
  3  4  40
  1  3  30
  5  5  52
  7  6  62
  1  3  31
  3  4  42
  1  3  31
  3  4  41
  9  7  72
  1  3  31
  3  4  41
  5  5  51
  7  5  72
  9  6  82
  1  3  31
  3  4  42
  5  5  52
  9  7  71
  1  3  32
  3  4  41
  5  5  52
  1  3  30
  1  3  32
  3  4  41
  5  5  52
  7  6  61
 55 25 35-1
 57 25 37-1
  1  3  32
  3  4  42
  1  3  32
  3  4  41
  1  3  31
  3  4  42
  1  3  30
  3  4  41
  1  3  31
  3  4  41
  1  3  32
  3  4  41
  5  5  51
  1  3  30
  3  4  42
  5  5  52
  7  6  62
  9  7  71
 13  9  91
 15 10 100
  1  3  31
  3  4  41
  1  3  31
  3  4  40
 51 28 282
 53 29 291
  1  3  30
  3  4  41
  1  3  32
  3  4  41
  5  5  51
  1  3  32
  3  4  41
  1  3  31
  3  4  42
  1  3  31
  3  4  41
  5  5  52
  1  3  31
  3  4  41
  5  5  51
  7  6  62
  1  3  32
  3  4  40
  5  5  52
  7  6  62
  1  3  31
  3  4  40
  1  3  30
  3  4  41
  1  3  32
  3  4  42
  5  5  52
  1  3  32
  1  3  32
  1  3  30
  3  4  42
  5  5  52
  1  3  32
  1  3  30
  1  3  30
  3  4  42
  5  4  60
  7  5  70
  9  7  72
  1  3  31
  1  3  30
  3  4  41
 56 30 31-1
 58 28 35-1
  1  3  30
  3  4  41
  5  5  52
  1  3  32
 56 19 421
 58 22 41-1
 59 32 32-1
  1  3  31
  3  4  42
 56 19 421
  1  3  32
  3  4  40
  1  3  31
  3  4  42
  5  5  52
 58 27 36-1
  1  3  30
  3  4  42
 58 27 36-1
  1  3  32
  3  4  42
 54 26 332
 56 25 36-1
 58 24 39-1
 59 32 32-1
  1  3  31
  3  4  41
 54 26 332
 56 25 36-1
 58 24 39-1
  1  3  32
  3  4  41
  5  5  52
 54 26 332
 56 25 36-1
 58 24 39-1
  1  3  32
  3  4  41
 54 26 332
 56 25 36-1
 58 24 39-1
  1  3  30
 54 26 332
 56 25 36-1
 58 24 39-1
  1  3  32
  3  4  41
  5  5  52
 13  8 102
 15 10 102
 54 26 332
 56 25 36-1
  1  3  31
  3  4  40
 54 26 332
 56 25 36-1
  1  3  30
 54 26 332
 56 25 36-1
  1  3  30
 54 26 332
 56 25 36-1
  1  3  32
  3  4  40
 54 26 332
 56 25 36-1
  1  3  31
  3  4  42
  5  5  50
  1  3  30
  1  3  31
  3  4  42
  1  3  32
  3  4  40
  1  3  32
  3  4  41
  1  3  32
  3  4  42
  1  3  31
  3  4  41
  5  5  52
  1  3  30
  1  3  31
  3  4  42
  1  3  32
  1  3  30
  3  4  41
  1  3  30
  3  4  40
  1  3  31
  3  4  42
  5  5  51
  1  3  32
 58 31 32-1
  1  3  32
  3  4  41
 58 31 32-1
  1  3  31
  3  4  4-1
 11  8  82
 15 10 102
 58 31 32-1
  1  3  32
  3  4  41
  5  5  51
  1  3  32
  3  4  42
  5  5  52
  1  3  30
  3  4  40
  5  5  52
  1  3  30
  3  4  42
 58 31 32-1
  1  3  31
  3  4  42
 58 31 32-1
  1  3  31
  3  4  42
  5  5  51
 13  9  92
 58 31 32-1
  1  3  30
  3  4  4-1
  5  5  51
 58 31 32-1
  1  3  31
  5  5  50
  7  6  61
  1  3  30
  3  4  40
  5  5  50
  1  3  32
  3  4  40
  5  5  52
  1  3  31
  3  4  42
  1  3  30
  1  3  32
  3  4  41
  5  5  51
  1  3  32
  3  4  41
  1  3  32
  3  4  42
  1  3  31
 58 31 32-1
  1  3  32
  3  4  41
  1  3  30
  3  4  42
  1  3  30
  3  4  41
  1  3  31
  3  4  41
  7  6  61
  9  6  80
 11  8  81
 13  6 122
 15 10 101
  1  3  31
  3  3  52
  5  5  51
  1  3  30
  1  3  30
  3  4  41
  5  4  62
  7  6  62
  1  3  31
  3  4  42
  1  3  31
  3  4  41
  1  3  31
  3  4  42
  5  5  51
  7  6  62
  1  3  32
  1  3  32
  3  4  42
  5  5  52
  1  3  31
  1  3  30
  3  4  42
  1  3  31
  3  4  40
  1  3  32
 13  9  91
 15 10 102
  1  3  31
  3  4  42
  1  3  30
  3  4  42
  1  3  30
  3  4  40
  5  5  51
  1  3  32
  3  4  40
  5  5  52
  7  6  61
 57 31 31-1
  1  3  30
  3  4  41
  5  5  52
  1  3  30
  3  4  41
  5  4  62
  7  6  62
  1  3  31
  1  3  31
  3  4  4-1
  5  5  51
  9  7  71
 11  8  81
  1  3  30
  3  4  42
 55 27 332
  1  3  32
  3  4  41
  5  5  50
  1  3  32
  3  4  41
  1  3  31
  3  4  42
  1  3  32
  1  3  31
  3  4  41
 58 26 37-1
  1  3  30
  3  4  42
  5  5  52
 58 26 37-1
  1  3  32
  3  4  40
 58 26 37-1
  1  3  30
  3  4  42
  5  4  61
  7  6  60
 58 26 37-1
  1  3  32
  3  4  41
 58 26 37-1
  1  3  32
  3  4  42
  5  5  51
 58 26 37-1
 59 32 32-1
  1  3  31
 58 26 37-1
 59 32 32-1
  1  3  32
  3  4  41
 55 29 31-1
 58 26 37-1
  1  3  30
  3  4  41
 58 26 37-1
  1  3  32
  3  4  40
  7  6  60
 58 26 37-1
  1  3  30
  3  4  40
  5  3  7-1
  7  4  81
  9  7  70
 58 26 37-1
  1  3  31
  3  4  42
  1  3  31
  3  4  41
  5  5  52
  1  3  30
  3  4  40
 57 31 31-1
 59 32 32-1
  1  3  32
  3  4  40
  1  3  30
  3  4  42
  5  5  51
 58 30 33-1
  1  3  31
  1  3  30
  1  3  32
  3  4  41
  5  5  52
  1  3  32
  3  4  42
  5  4  62
  7  6  61
  1  3  32
  3  4  42
  5  5  52
  7  6  62
  1  3  30
  1  3  31
  3  4  41
  7  6  62
  9  7  72
  1  3  32
  3  4  42
  5  5  52
  1  3  32
  7  5  71
  1  3  30
  1  3  31
  1  3  30
  1  3  31
  3  4  41
  7  6  62
  1  3  32
  3  4  42
  5  5  51
  7  6  62
  9  6  81
  1  3  30
  3  4  42
  1  3  32
  3  4  42
  5  4  60
  7  6  61
  1  3  30
  3  4  40
  5  3  7-1
  7  4  81
  9  7  70
  1  3  30
  3  4  42
 48 25 282
  1  3  32
  3  4  40
 48 25 282
  1  3  32
 48 25 282
  1  3  30
  3  4  40
 48 25 282
  1  3  30
  3  4  42
 48 25 282
  1  3  31
  3  4  42
 48 25 282
  1  3  30
  3  4  42
 48 25 282
  1  3  30
  3  4  40
  7  6  61
  9  7  72
 48 25 282
  1  3  30
  3  4  40
  5  5  51
  7  6  61
 48 25 282
  1  3  30
  3  4  40
  5  5  50
  7  6  61
  9  7  71
 48 25 282
  1  3  32
 48 25 282
  1  3  30
 48 25 282
  1  3  32
  3  4  40
  5  5  52
  7  6  62
 48 25 282
  1  3  32
  3  4  40
 48 25 282
  1  3  32
  3  4  4-1
 11  8  82
 13  8 102
 48 25 282
 55 26 342
  1  3  32
  3  4  4-1
  1  3  31
  3  4  42
  1  3  30
  3  4  41
  5  5  51
  7  6  60
 54 29 30-1
 56 25 36-1
 58 31 32-1
  1  3  31
  3  4  41
  5  5  52
 21 12 142
 23 14 142
 54 29 30-1
 56 25 36-1
 58 31 32-1
  1  3  32
  3  4  40
 54 29 30-1
 56 25 36-1
 58 31 32-1
  1  3  32
  3  4  41
 54 29 30-1
 56 25 36-1
 58 31 32-1
  1  3  31
  3  4  41
 59 27 37-1
  1  3  32
  3  4  41
  5  5  52
  9  7  71
  1  3  31
  3  4  42
  1  3  31
  3  4  42
  1  3  31
  3  4  41
  5  5  52
  1  3  32
  3  3  5-1
  5  5  51
  7  6  62
  1  3  31
  3  4  41
  1  3  32
  3  4  41
 11  8  80
  1  3  32
  3  4  40
 37 21 212
  1  3  31
  3  4  40
  5  5  52
  1  3  31
  1  3  30
  3  4  42
  1  3  32
  3  4  41
  1  3  32
  3  4  42
  5  5  51
 49 26 282
  1  3  31
  3  4  42
  5  5  52
  1  3  32
  3  4  42
  5  5  50
  7  6  62
  1  3  32
  3  4  41
  1  3  32
  3  4  40
  5  5  52
  1  3  30
  3  4  42
  5  5  51
  7  6  62
  1  3  31
  3  4  41
  5  5  51
  1  3  31
  3  4  41
  5  5  52
  7  5  72
  9  7  71
 11  7  91
 13  9  92
 55 27 33-1
 57 23 39-1
  1  3  31
  3  4  42
  5  5  52
  1  3  30
  3  4  42
  5  4  62
  7  6  62
  1  3  31
  3  4  4-1
  1  3  32
  3  4  41
  1  3  30
  3  4  41
  1  3  30
  3  4  40
  5  5  51
  7  6  62
  1  3  32
  3  4  40
 11  8  82
  1  3  30
  3  4  41
  1  3  32
  3  4  40
  1  3  30
  3  4  4-1
  5  5  51
  1  3  30
  3  4  42
  5  5  51
  1  3  31
  1  3  31
  3  4  40
  1  3  31
  1  3  31
  3  4  40
  5  5  52
  1  3  30
  3  4  40
  1  3  31
  3  4  42
  1  3  31
  3  4  41
  5  5  52
  1  3  30
  3  4  40
  5  5  51
 41 22 240
  1  3  30
  3  4  40
  1  3  30
  3  4  41
  1  3  31
  3  4  42
  5  5  52
  1  3  30
  3  4  40
  1  3  30
  3  4  42
  5  5  52
  1  3  30
  3  4  42
  1  3  30
  3  4  42
  5  5  52
 15 10 102
  1  3  30
  3  4  41
 58 24 39-1
  1  3  31
  3  4  42
 58 31 32-1
  1  3  30
 58 31 32-1
  1  3  31
  3  4  4-1
  5  5  51
 58 31 32-1
  1  3  31
  3  4  42
  1  3  31
  3  4  41
  1  3  32
  3  4  42
  1  3  30
  3  4  40
  5  5  52
  7  6  62
  9  7  71
 11  7  92
 13  8 100
 15 10 102
  1  3  32
  3  4  40
  1  3  31
  3  4  41
  1  3  30
  3  4  42
  5  5  52
  1  3  30
  3  4  41
  1  3  32
  3  4  41
  5  5  51
  7  6  62
  1  3  30
  3  4  41
  5  5  51
  7  5  72
  9  7  71
  1  3  30
  1  3  30
  3  4  4-1
  5  5  52
  7  6  62
 46 25 261
  1  3  31
  3  4  42
 46 25 261
  1  3  32
 46 25 261
 56 28 33-1
  1  3  32
  3  4  41
  5  5  51
 46 25 261
 56 28 33-1
  1  3  30
  3  4  41
 46 25 261
 56 28 33-1
  1  3  31
  3  4  42
  5  5  52
 46 25 261
 56 28 33-1
  1  3  31
  3  3  52
  5  5  52
  7  6  60
 46 25 261
 56 28 33-1
  1  3  30
 46 25 261
 56 28 33-1
  1  3  30
 46 25 261
 56 28 33-1
  1  3  30
  3  4  41
 46 25 261
 56 28 33-1
  1  3  30
  3  4  41
 58 31 32-1
  1  3  30
  3  4  41
  5  5  5-1
  7  6  62
 58 31 32-1
  1  3  32
  3  4  42
  5  5  52
 58 31 32-1
  1  3  31
 55 28 322
  1  3  32
  3  4  42
  5  5  52
  1  3  31
  3  4  42
  1  3  31
  3  4  42
  5  5  52
  1  3  32
  3  4  40
  7  6  61
  9  7  72
 59 30 34-1
  1  3  31
  3  4  41
  1  3  30
 57 31 31-1
  1  3  30
  3  3  52
  5  4  62
  7  5  72
  9  7  72
  1  3  31
  1  3  31
  3  4  40
  5  5  52
  1  3  30
  1  3  30
  3  4  42
  1  3  30
  3  4  41
  5  5  51
  7  5  72
  9  7  71
  1  3  31
  3  4  40
  5  5  51
  1  3  32
  3  4  42
  5  5  52
  7  6  62
  9  7  72
  1  3  32
  3  4  40
  1  3  31
  3  4  41
  1  3  30
  3  4  41
  1  3  30
  3  4  41
  5  5  52
  7  6  62
  1  3  30
  3  4  41
  5  5  52
  1  3  30
  3  4  41
  5  5  52
  1  3  30
  3  4  42
  1  3  31
  3  4  41
  5  5  51
  7  6  61
  1  3  31
  1  3  32
  3  4  40
  5  5  51
  9  7  71
  1  3  30
  3  4  42
  1  3  32
  3  4  42
  1  3  31
  3  4  41
  7  6  60
  9  7  70
  1  3  30
  1  3  31
  3  4  41
 59 24 40-1
  1  3  32
  3  4  41
  1  3  30
  1  3  32
  3  4  41
  5  4  62
  7  5  71
  9  6  82
 11  7  92
  1  3  31
  3  4  41
  5  5  52
  1  3  32
  3  4  41
  5  5  52
  1  3  32
  3  4  41
  5  5  52
  1  3  30
  3  4  40
  1  3  31
  3  4  41
  1  3  32
  1  3  32
  3  4  40
  1  3  32
  3  4  42
  1  3  30
  1  3  32
  3  4  42
  1  3  32
  1  3  30
  3  4  42
  5  4  62
  7  4  80
  9  6  80
 11  7  92
  1  3  30
  3  4  41
  1  3  30
  1  3  32
  3  4  41
 59 32 32-1
  1  3  32
  3  4  4-1
  1  3  32
  3  4  4-1
 30 17 182
  1  3  32
  3  4  41
  5  4  62
 30 17 182
  1  3  31
 30 17 182
  1  3  32
 30 17 182
  1  3  30
 30 17 182
  1  3  30
  3  4  41
 30 17 182
  1  3  32
  3  4  41
  5  5  52
 30 17 182
  1  3  32
 30 17 182
  1  3  30
 30 17 182
  1  3  32
  3  4  42
 30 17 182
  1  3  30
  3  4  41
 30 17 182
  1  3  32
  3  4  42
 30 17 182
  1  3  32
  3  4  41
 30 17 182
  1  3  30
  3  4  40
 30 17 182
  1  3  31
  3  4  41
 30 17 182
  1  3  31
  3  4  40
  9  7  72
 11  7  92
 13  9  91
 30 17 182
  1  3  31
  3  4  41
  5  5  52
 30 17 182
  1  3  32
  3  4  41
 30 17 182
  1  3  32
  3  4  41
 30 17 182
 55 25 352
  1  3  31
 30 17 182
  1  3  32
  3  4  42
 30 17 182
  1  3  32
  3  4  41
 13  9  91
 30 17 182
  1  3  32
  3  4  42
 30 17 182
  1  3  32
  3  4  40
  5  5  52
  7  6  62
  9  7  72
 30 17 182
  1  3  31
 30 17 182
  1  3  31
  3  4  4-1
  5  5  52
  7  6  61
 30 17 182
  1  3  30
  3  4  42
 30 17 182
 52 27 302
 54 29 300
  1  3  30
  3  4  41
 30 17 182
 52 27 302
 54 29 300
  1  3  31
 30 17 182
 52 27 302
 54 29 300
  1  3  30
  3  4  40
 30 17 182
 52 27 302
 54 29 300
  1  3  32
 30 17 182
 52 27 302
 54 29 300
  1  3  31
  3  4  41
 30 17 182
 52 27 302
 54 29 300
  1  3  30
  3  4  40
  5  5  52
  7  5  71
  9  7  71
 30 17 182
 52 27 302
 54 29 300
  1  3  32
  3  4  42
  5  5  52
  7  4  82
  9  6  80
 11  8  80
 30 17 182
 52 27 302
 54 29 300
  1  3  32
  3  4  40
  5  5  51
 30 17 182
 52 27 302
 54 29 300
  1  3  30
  3  4  42
 30 17 182
 52 27 302
 54 29 300
  1  3  32
  3  4  41
  5  5  52
 30 17 182
 52 27 302
 54 29 300
  1  3  32
 30 17 182
 52 27 302
 54 29 300
  1  3  31
  3  4  41
 30 17 182
 52 27 302
  1  3  30
 30 17 182
 52 27 302
  1  3  31
  3  4  42
 30 17 182
 52 27 302
  1  3  30
  3  4  42
  5  5  52
 30 17 182
 52 27 302
  1  3  32
  3  4  41
 30 17 182
 52 27 302
  1  3  32
  3  4  42
 30 17 182
 52 27 302
  1  3  32
  3  4  42
 30 17 182
 52 27 302
  1  3  30
  3  4  42
 30 17 182
 52 27 302
  1  3  30
  3  4  41
 30 17 182
 52 27 302
  1  3  31
 30 17 182
 52 27 302
  1  3  32
  3  4  41
 30 17 182
 52 27 302
  1  3  31
  3  4  41
 30 17 182
 52 27 302
  1  3  30
  3  4  41
 30 17 182
 52 27 302
  1  3  30
 30 17 182
 52 27 302
  1  3  32
 30 17 182
 52 27 302
 58 30 33-1
  1  3  32
  3  4  4-1
 30 17 182
 52 27 302
 58 30 33-1
  1  3  32
  3  4  41
  5  5  52
 30 17 182
 52 27 302
  1  3  31
 30 17 182
 52 27 302
  1  3  32
  3  4  42
 30 17 182
 52 27 302
  1  3  30
  3  4  41
  5  5  52
 30 17 182
 52 27 302
  1  3  32
  3  4  42
 30 17 182
 52 27 302
  1  3  31
  3  4  41
  5  5  51
  7  5  72
 30 17 182
 52 27 302
  1  3  32
  3  4  42
 11  8  82
 13  9  90
 30 17 182
 52 27 302
  1  3  31
  3  3  52
  5  5  51
 30 17 182
  1  3  32
  3  4  42
  5  5  51
  7  6  61
 30 17 182
  1  3  30
  3  4  41
  5  5  52
 30 17 182
  1  3  32
  3  4  41
  5  5  51
 30 17 182
  1  3  30
  3  4  40
  5  5  51
  7  6  62
  9  7  72
 30 17 182
  1  3  32
  3  4  42
  5  5  51
  7  6  62
  9  7  71
 30 17 182
  1  3  32
  3  4  42
 30 17 182
  1  3  31
  3  4  42
  5  5  52
  7  5  72
  9  7  72
 30 17 182
  1  3  32
 30 17 182
  1  3  32
  3  4  41
  5  5  51
 30 17 182
  1  3  32
  3  4  41
 30 17 182
  1  3  31
 30 17 182
 57 31 31-1
  1  3  31
 30 17 182
  1  3  31
  3  4  40
 30 17 182
  1  3  30
  3  4  40
 30 17 182
  1  3  30
  3  4  41
  5  5  52
 13  9  92
 30 17 182
  1  3  31
 11  8  81
 30 17 182
  1  3  31
 30 17 182
  1  3  30
 30 17 182
  1  3  30
  3  4  40
  5  5  50
 30 17 182
  1  3  32
  3  4  40
  5  5  51
 30 17 182
  1  3  30
 30 17 182
  1  3  31
  3  3  5-1
  5  5  52
 30 17 182
  1  3  32
  3  4  42
  5  5  52
 30 17 182
 59 23 41-1
  1  3  32
  3  3  5-1
 30 17 182
  1  3  32
  3  4  40
 30 17 182
  1  3  32
  3  4  42
 30 17 182
 53 29 291
  1  3  30
 30 17 182
  1  3  31
  3  4  40
  5  5  51
 30 17 182
  1  3  32
  3  4  41
  5  4  61
  7  6  60
 30 17 182
  1  3  32
  3  4  41
 30 17 182
  1  3  30
  3  4  42
  5  4  62
  7  6  61
 30 17 182
  1  3  31
 30 17 182
  1  3  32
  3  4  42
  5  5  51
 30 17 182
  1  3  30
  3  4  42
 30 17 182
  1  3  31
  3  4  42
 30 17 182
  1  3  30
  3  4  42
 30 17 182
  1  3  31
 30 17 182
  1  3  31
  3  4  41
 30 17 182
  1  3  31
  3  4  42
  5  5  51
  7  5  71
  9  7  72
 30 17 182
 58 26 37-1
  1  3  30
  3  4  42
 30 17 182
 58 26 37-1
  1  3  30
  3  4  41
  5  5  50
 30 17 182
 58 26 37-1
  1  3  32
  3  4  41
  5  5  51
 30 17 182
  1  3  30
  3  4  42
 30 17 182
  1  3  30
 30 17 182
 57 31 312
  1  3  32
 30 17 182
  1  3  31
  3  4  41
 30 17 182
  1  3  31
  3  4  41
 30 17 182
  1  3  32
  3  4  41
  5  5  52
  7  6  62
  9  7  70
 11  8  82
 30 17 182
  1  3  32
 30 17 182
  1  3  32
  3  4  42
  5  4  62
  7  5  72
  9  6  80
 11  7  92
 13  8 102
 30 17 182
  1  3  30
  3  4  42
  5  5  52
 30 17 182
  1  3  30
  3  4  40
  5  5  52
  9  6  81
 30 17 182
  1  3  32
  3  4  41
 30 17 182
  1  3  30
  3  4  42
 30 17 182
  1  3  30
  3  4  40
  5  5  52
 30 17 182
 58 27 36-1
  1  3  30
 30 17 182
 58 27 36-1
  1  3  32
  3  4  4-1
 30 17 182
 54 29 302
 58 31 32-1
  1  3  31
  3  4  41
 30 17 182
 54 29 302
 58 31 32-1
  1  3  30
  3  4  41
  5  5  52
  7  6  62
  9  7  70
 30 17 182
  1  3  30
  3  4  41
  5  5  52
 30 17 182
  1  3  30
  3  4  42
  7  5  72
  9  7  71
 30 17 182
  1  3  32
  3  4  40
 30 17 182
 56 26 35-1
 58 28 35-1
  1  3  32
  3  4  4-1
 30 17 182
 56 26 35-1
 58 28 35-1
  1  3  31
  3  4  41
  7  6  61
 30 17 182
 56 26 35-1
 58 28 35-1
  1  3  32
  3  4  41
 30 17 182
 56 26 35-1
 58 28 35-1
  1  3  30
  3  4  41
 30 17 182
 56 26 35-1
  1  3  30
  3  4  40
 30 17 182
 56 26 35-1
  1  3  30
  3  4  42
 30 17 182
 56 26 35-1
  1  3  30
  3  4  41
 30 17 182
 56 26 35-1
  1  3  31
  3  4  42
 30 17 182
 56 26 35-1
  1  3  30
  3  4  40
  5  5  50
 30 17 182
 56 26 35-1
  1  3  30
  3  4  42
  5  4  62
  7  5  72
  9  7  72
 30 17 182
 56 26 35-1
  1  3  30
  3  4  41
 30 17 182
 56 26 35-1
  1  3  30
  3  4  40
  5  5  51
  7  6  62
 30 17 182
 56 26 35-1
  1  3  31
  3  4  41
 30 17 182
 56 26 35-1
  1  3  32
  3  4  42
 30 17 182
 56 26 35-1
  1  3  30
 30 17 182
 56 26 35-1
  1  3  32
  3  4  42
 30 17 182
 56 26 35-1
  1  3  32
  3  4  41
  5  5  52
  9  7  72
 11  7  92
 30 17 182
 56 26 35-1
  1  3  30
  3  4  42
  5  5  52
  7  6  62
 30 17 182
 56 26 35-1
  1  3  30
  3  4  41
 30 17 182
 56 26 35-1
  1  3  31
  3  4  40
  5  5  51
 30 17 182
  1  3  30
 30 17 182
  1  3  32
 30 17 182
  1  3  30
  3  4  41
  5  5  52
  7  6  62
 30 17 182
  1  3  30
  3  4  41
  5  5  52
 30 17 182
  1  3  32
 30 17 182
  1  3  32
  3  4  42
 30 17 182
  1  3  30
  3  4  42
  5  5  51
  7  6  62
 30 17 182
  1  3  30
  3  4  40
 30 17 182
 57 28 342
  1  3  30
 30 17 182
  1  3  32
  3  4  42
  5  5  50
  7  6  60
  9  7  72
 11  7  91
 30 17 182
  1  3  30
  3  4  42
  5  5  51
 30 17 182
  1  3  30
  3  4  40
  5  5  5-1
 30 17 182
  1  3  30
  3  4  41
  5  5  52
  7  6  62
 30 17 182
  1  3  31
  3  4  41
 30 17 182
  1  3  32
  3  4  40
 30 17 182
  1  3  30
  3  3  52
 30 17 182
  1  3  32
 30 17 182
  1  3  32
  3  4  41
 30 17 182
  1  3  30
 30 17 182
 58 31 32-1
  1  3  32
  3  4  42
 30 17 182
 58 31 32-1
  1  3  32
  3  4  41
 30 17 182
 58 31 32-1
  1  3  30
  3  4  41
  5  5  52
  7  6  62
 30 17 182
 58 31 32-1
  1  3  31
  3  4  41
 30 17 182
 58 31 32-1
  1  3  32
  3  4  40
  5  5  52
 30 17 182
 58 31 32-1
  1  3  31
  3  4  41
 30 17 182
 58 31 32-1
  1  3  30
  3  4  42
 30 17 182
 58 31 32-1
  1  3  31
  3  4  42
 30 17 182
 58 31 32-1
  1  3  30
  3  4  40
  5  5  52
 17 11 112
 30 17 182
 58 31 32-1
  1  3  30
  3  4  40
 30 17 182
  1  3  32
  3  4  4-1
 30 17 182
  1  3  31
  3  4  41
  5  5  52
 30 17 182
  1  3  30
  3  4  42
 30 17 182
  1  3  31
 30 17 182
  1  3  30
 30 17 182
  1  3  30
 30 17 182
  1  3  30
  3  4  41
  5  5  51
 30 17 182
  1  3  32
  3  4  42
  9  7  71
 11  6 101
 13  7 111
 15  8 121
 17 11 111
 30 17 182
  1  3  30
  3  4  41
  5  5  52
 30 17 182
  1  3  30
  3  4  41
 30 17 182
  1  3  31
 30 17 182
  1  3  30
 30 17 182
  1  3  31
  3  4  41
 30 17 182
  1  3  31
  3  4  40
  5  5  51
  7  5  7-1
  9  7  70
 11  8  82
 30 17 182
  1  3  32
  3  4  40
 30 17 182
  1  3  31
  3  3  5-1
  5  5  52
  7  6  61
 30 17 182
  1  3  31
 30 17 182
  1  3  32
 30 17 182
  1  3  30
  3  4  41
  5  5  52
 25 14 162
 30 17 182
  1  3  32
  3  4  42
  5  5  51
  7  6  62
 30 17 182
 59 31 33-1
  1  3  31
  3  4  42
 30 17 182
 59 31 33-1
  1  3  32
  3  4  42
  5  5  52
  7  6  61
 30 17 182
  1  3  32
  3  4  41
  5  4  62
  7  6  61
 30 17 182
  1  3  32
  3  4  40
 30 17 182
  1  3  32
  3  4  40
  5  5  52
 58 31 32-1
  1  3  31
 58 30 33-1
  1  3  31
  3  3  51
 58 30 33-1
  1  3  31
  9  7  72
 58 30 33-1
  1  3  30
  3  4  41
 58 30 33-1
  1  3  31
  1  3  32
  3  4  41
  1  3  32
  3  4  42
  5  5  52
  1  3  31
  1  3  30
  3  4  41
  5  5  51
  1  3  32
  3  4  40
  5  5  52
  1  3  30
  3  4  41
 57 26 36-1
  1  3  31
  3  3  52
  5  5  51
 57 24 38-1
  1  3  31
  1  3  30
 57 31 31-1
  1  3  32
  3  4  40
  5  5  52
  7  6  62
  1  3  30
  1  3  30
  3  4  41
  5  5  52
  1  3  30
  3  4  41
  1  3  32
  1  3  31
  1  3  31
  3  4  40
  5  5  52
  1  3  31
  3  4  41
  1  3  30
  3  4  40
  5  5  5-1
  1  3  30
  3  4  42
  1  3  31
  3  3  51
  1  3  31
  3  4  4-1
 59 31 33-1
  1  3  30
  3  4  4-1
  1  3  31
  3  4  42
  5  5  52
  1  3  31
  3  4  42
  5  5  51
  1  3  32
  1  3  30
  3  4  41
  1  3  32
  3  4  40
  1  3  30
  3  4  41
  1  3  32
  3  4  41
  5  5  52
  7  6  62
  1  3  32
  3  4  40
  1  3  32
  1  3  30
  3  4  41
  5  5  52
  1  3  31
  3  4  41
  1  3  31
  3  4  42
  5  5  52
  7  4  82
  9  6  81
 11  7  92
  1  3  31
  3  4  42
  1  3  31
  1  3  30
  3  4  42
  5  5  52
  1  3  30
  3  4  41
